20.0000   85
20.0200   77
20.0400   85
20.0600   82
20.0800   92
20.1000   70
20.1200   87
20.1400   91
20.1600   102
20.1800   88
20.2000   80
20.2200   79
20.2400   62
20.2600   85
20.2800   71
20.3000   94
20.3200   81
20.3400   97
20.3600   79
20.3800   81
20.4000   75
20.4200   89
20.4400   95
20.4600   98
20.4800   77
20.5000   64
20.5200   99
20.5400   77
20.5600   86
20.5800   91
20.6000   85
20.6200   80
20.6400   68
20.6600   73
20.6800   83
20.7000   85
20.7200   74
20.7400   90
20.7600   86
20.7800   76
20.8000   74
20.8200   72
20.8400   97
20.8600   92
20.8800   83
20.9000   82
20.9200   80
20.9400   74
20.9600   77
20.9800   82
21.0000   81
21.0200   84
21.0400   82
21.0600   79
21.0800   74
21.1000   70
21.1200   86
21.1400   79
21.1600   84
21.1800   78
21.2000   77
21.2200   90
21.2400   102
21.2600   69
21.2800   76
21.3000   80
21.3200   98
21.3400   78
21.3600   78
21.3800   85
21.4000   92
21.4200   73
21.4400   76
21.4600   81
21.4800   76
21.5000   92
21.5200   80
21.5400   89
21.5600   84
21.5800   89
21.6000   86
21.6200   79
21.6400   71
21.6600   77
21.6800   92
21.7000   91
21.7200   81
21.7400   81
21.7600   76
21.7800   81
21.8000   74
21.8200   77
21.8400   76
21.8600   77
21.8800   80
21.9000   80
21.9200   99
21.9400   90
21.9600   64
21.9800   82
22.0000   73
22.0200   86
22.0400   76
22.0600   84
22.0800   92
22.1000   104
22.1200   85
22.1400   85
22.1600   88
22.1800   88
22.2000   77
22.2200   88
22.2400   83
22.2600   87
22.2800   67
22.3000   88
22.3200   84
22.3400   72
22.3600   79
22.3800   84
22.4000   94
22.4200   88
22.4400   80
22.4600   81
22.4800   82
22.5000   91
22.5200   73
22.5400   90
22.5600   81
22.5800   77
22.6000   95
22.6200   89
22.6400   76
22.6600   80
22.6800   70
22.7000   78
22.7200   76
22.7400   83
22.7600   71
22.7800   93
22.8000   85
22.8200   81
22.8400   86
22.8600   99
22.8800   76
22.9000   77
22.9200   101
22.9400   71
22.9600   83
22.9800   83
23.0000   101
23.0200   81
23.0400   71
23.0600   91
23.0800   95
23.1000   81
23.1200   75
23.1400   79
23.1600   88
23.1800   89
23.2000   94
23.2200   87
23.2400   90
23.2600   73
23.2800   91
23.3000   75
23.3200   75
23.3400   85
23.3600   74
23.3800   79
23.4000   78
23.4200   88
23.4400   79
23.4600   94
23.4800   71
23.5000   79
23.5200   68
23.5400   72
23.5600   83
23.5800   90
23.6000   92
23.6200   103
23.6400   88
23.6600   88
23.6800   76
23.7000   90
23.7200   70
23.7400   81
23.7600   92
23.7800   90
23.8000   65
23.8200   73
23.8400   73
23.8600   82
23.8800   77
23.9000   71
23.9200   90
23.9400   89
23.9600   80
23.9800   88
24.0000   74
24.0200   70
24.0400   79
24.0600   82
24.0800   71
24.1000   76
24.1200   72
24.1400   92
24.1600   73
24.1800   99
24.2000   76
24.2200   73
24.2400   85
24.2600   95
24.2800   71
24.3000   77
24.3200   102
24.3400   77
24.3600   82
24.3800   82
24.4000   85
24.4200   69
24.4400   83
24.4600   73
24.4800   80
24.5000   87
24.5200   86
24.5400   86
24.5600   74
24.5800   77
24.6000   77
24.6200   79
24.6400   83
24.6600   77
24.6800   71
24.7000   91
24.7200   70
24.7400   96
24.7600   75
24.7800   72
24.8000   77
24.8200   75
24.8400   76
24.8600   77
24.8800   79
24.9000   62
24.9200   79
24.9400   78
24.9600   78
24.9800   77
25.0000   88
25.0200   89
25.0400   74
25.0600   84
25.0800   91
25.1000   102
25.1200   81
25.1400   76
25.1600   66
25.1800   67
25.2000   96
25.2200   90
25.2400   74
25.2600   78
25.2800   87
25.3000   66
25.3200   76
25.3400   83
25.3600   103
25.3800   87
25.4000   96
25.4200   75
25.4400   81
25.4600   75
25.4800   78
25.5000   83
25.5200   98
25.5400   98
25.5600   92
25.5800   82
25.6000   80
25.6200   93
25.6400   100
25.6600   78
25.6800   83
25.7000   75
25.7200   84
25.7400   93
25.7600   91
25.7800   77
25.8000   76
25.8200   69
25.8400   89
25.8600   91
25.8800   80
25.9000   73
25.9200   94
25.9400   90
25.9600   79
25.9800   72
26.0000   86
26.0200   91
26.0400   82
26.0600   82
26.0800   71
26.1000   87
26.1200   65
26.1400   90
26.1600   91
26.1800   75
26.2000   70
26.2200   78
26.2400   69
26.2600   75
26.2800   74
26.3000   86
26.3200   96
26.3400   81
26.3600   88
26.3800   75
26.4000   79
26.4200   85
26.4400   78
26.4600   84
26.4800   87
26.5000   85
26.5200   82
26.5400   82
26.5600   108
26.5800   74
26.6000   71
26.6200   71
26.6400   88
26.6600   83
26.6800   96
26.7000   88
26.7200   82
26.7400   85
26.7600   87
26.7800   74
26.8000   83
26.8200   78
26.8400   83
26.8600   110
26.8800   63
26.9000   88
26.9200   64
26.9400   98
26.9600   94
26.9800   83
27.0000   97
27.0200   74
27.0400   66
27.0600   81
27.0800   88
27.1000   73
27.1200   92
27.1400   86
27.1600   87
27.1800   84
27.2000   71
27.2200   71
27.2400   70
27.2600   64
27.2800   76
27.3000   76
27.3200   74
27.3400   70
27.3600   79
27.3800   79
27.4000   79
27.4200   87
27.4400   71
27.4600   91
27.4800   80
27.5000   68
27.5200   77
27.5400   78
27.5600   71
27.5800   86
27.6000   78
27.6200   88
27.6400   78
27.6600   82
27.6800   86
27.7000   73
27.7200   76
27.7400   80
27.7600   94
27.7800   73
27.8000   82
27.8200   89
27.8400   87
27.8600   77
27.8800   84
27.9000   95
27.9200   78
27.9400   71
27.9600   80
27.9800   76
28.0000   102
28.0200   78
28.0400   77
28.0600   100
28.0800   74
28.1000   80
28.1200   97
28.1400   82
28.1600   87
28.1800   94
28.2000   92
28.2200   99
28.2400   94
28.2600   93
28.2800   83
28.3000   78
28.3200   98
28.3400   77
28.3600   90
28.3800   85
28.4000   87
28.4200   73
28.4400   83
28.4600   98
28.4800   86
28.5000   100
28.5200   85
28.5400   102
28.5600   71
28.5800   93
28.6000   73
28.6200   95
28.6400   79
28.6600   87
28.6800   76
28.7000   72
28.7200   86
28.7400   75
28.7600   95
28.7800   68
28.8000   85
28.8200   76
28.8400   83
28.8600   82
28.8800   84
28.9000   72
28.9200   84
28.9400   71
28.9600   94
28.9800   89
29.0000   82
29.0200   86
29.0400   90
29.0600   85
29.0800   89
29.1000   85
29.1200   86
29.1400   74
29.1600   84
29.1800   83
29.2000   77
29.2200   72
29.2400   92
29.2600   81
29.2800   69
29.3000   70
29.3200   88
29.3400   77
29.3600   82
29.3800   66
29.4000   99
29.4200   83
29.4400   76
29.4600   104
29.4800   90
29.5000   73
29.5200   79
29.5400   86
29.5600   86
29.5800   80
29.6000   69
29.6200   90
29.6400   81
29.6600   78
29.6800   68
29.7000   72
29.7200   103
29.7400   76
29.7600   82
29.7800   87
29.8000   80
29.8200   73
29.8400   70
29.8600   93
29.8800   84
29.9000   82
29.9200   79
29.9400   92
29.9600   91
29.9800   76
30.0000   89
30.0200   70
30.0400   78
30.0600   98
30.0800   85
30.1000   83
30.1200   88
30.1400   65
30.1600   87
30.1800   88
30.2000   73
30.2200   67
30.2400   67
30.2600   83
30.2800   84
30.3000   75
30.3200   81
30.3400   78
30.3600   83
30.3800   80
30.4000   84
30.4200   72
30.4400   77
30.4600   82
30.4800   90
30.5000   79
30.5200   90
30.5400   68
30.5600   95
30.5800   82
30.6000   76
30.6200   86
30.6400   104
30.6600   98
30.6800   88
30.7000   85
30.7200   70
30.7400   78
30.7600   102
30.7800   83
30.8000   76
30.8200   88
30.8400   92
30.8600   88
30.8800   69
30.9000   79
30.9200   78
30.9400   75
30.9600   79
30.9800   76
31.0000   94
31.0200   85
31.0400   57
31.0600   95
31.0800   92
31.1000   88
31.1200   87
31.1400   95
31.1600   76
31.1800   74
31.2000   81
31.2200   95
31.2400   109
31.2600   82
31.2800   86
31.3000   84
31.3200   93
31.3400   78
31.3600   76
31.3800   79
31.4000   75
31.4200   78
31.4400   84
31.4600   89
31.4800   91
31.5000   71
31.5200   77
31.5400   102
31.5600   79
31.5800   81
31.6000   85
31.6200   96
31.6400   89
31.6600   78
31.6800   101
31.7000   88
31.7200   79
31.7400   99
31.7600   80
31.7800   85
31.8000   96
31.8200   83
31.8400   80
31.8600   91
31.8800   92
31.9000   82
31.9200   80
31.9400   78
31.9600   87
31.9800   72
32.0000   81
32.0200   75
32.0400   92
32.0600   89
32.0800   88
32.1000   90
32.1200   94
32.1400   69
32.1600   81
32.1800   80
32.2000   80
32.2200   76
32.2400   85
32.2600   108
32.2800   87
32.3000   65
32.3200   82
32.3400   82
32.3600   80
32.3800   92
32.4000   76
32.4200   80
32.4400   86
32.4600   82
32.4800   96
32.5000   98
32.5200   81
32.5400   82
32.5600   65
32.5800   81
32.6000   78
32.6200   92
32.6400   93
32.6600   78
32.6800   86
32.7000   76
32.7200   89
32.7400   74
32.7600   82
32.7800   86
32.8000   77
32.8200   79
32.8400   93
32.8600   109
32.8800   83
32.9000   74
32.9200   75
32.9400   96
32.9600   70
32.9800   66
33.0000   90
33.0200   89
33.0400   84
33.0600   84
33.0800   92
33.1000   83
33.1200   83
33.1400   90
33.1600   79
33.1800   94
33.2000   84
33.2200   76
33.2400   87
33.2600   77
33.2800   82
33.3000   86
33.3200   99
33.3400   69
33.3600   91
33.3800   95
33.4000   88
33.4200   86
33.4400   106
33.4600   74
33.4800   82
33.5000   88
33.5200   93
33.5400   91
33.5600   99
33.5800   81
33.6000   96
33.6200   86
33.6400   67
33.6600   91
33.6800   67
33.7000   79
33.7200   93
33.7400   96
33.7600   90
33.7800   97
33.8000   73
33.8200   69
33.8400   68
33.8600   74
33.8800   80
33.9000   73
33.9200   83
33.9400   74
33.9600   73
33.9800   89
34.0000   81
34.0200   97
34.0400   80
34.0600   67
34.0800   74
34.1000   75
34.1200   71
34.1400   88
34.1600   79
34.1800   75
34.2000   78
34.2200   78
34.2400   88
34.2600   78
34.2800   75
34.3000   78
34.3200   95
34.3400   88
34.3600   91
34.3800   77
34.4000   91
34.4200   83
34.4400   84
34.4600   82
34.4800   72
34.5000   87
34.5200   84
34.5400   73
34.5600   90
34.5800   105
34.6000   79
34.6200   79
34.6400   95
34.6600   84
34.6800   81
34.7000   81
34.7200   89
34.7400   76
34.7600   97
34.7800   74
34.8000   70
34.8200   83
34.8400   81
34.8600   87
34.8800   87
34.9000   76
34.9200   82
34.9400   86
34.9600   84
34.9800   59
35.0000   80
35.0200   83
35.0400   65
35.0600   82
35.0800   93
35.1000   82
35.1200   81
35.1400   88
35.1600   97
35.1800   100
35.2000   66
35.2200   93
35.2400   78
35.2600   100
35.2800   83
35.3000   72
35.3200   82
35.3400   75
35.3600   100
35.3800   85
35.4000   98
35.4200   85
35.4400   72
35.4600   68
35.4800   90
35.5000   82
35.5200   77
35.5400   86
35.5600   96
35.5800   82
35.6000   95
35.6200   98
35.6400   79
35.6600   75
35.6800   76
35.7000   74
35.7200   91
35.7400   75
35.7600   80
35.7800   93
35.8000   76
35.8200   93
35.8400   89
35.8600   91
35.8800   82
35.9000   78
35.9200   88
35.9400   75
35.9600   86
35.9800   75
36.0000   98
36.0200   98
36.0400   96
36.0600   73
36.0800   96
36.1000   97
36.1200   98
36.1400   94
36.1600   81
36.1800   129
36.2000   81
36.2200   98
36.2400   84
36.2600   120
36.2800   106
36.3000   97
36.3200   89
36.3400   80
36.3600   96
36.3800   108
36.4000   109
36.4200   96
36.4400   120
36.4600   106
36.4800   109
36.5000   113
36.5200   104
36.5400   87
36.5600   98
36.5800   105
36.6000   99
36.6200   111
36.6400   91
36.6600   98
36.6800   82
36.7000   89
36.7200   99
36.7400   79
36.7600   89
36.7800   95
36.8000   81
36.8200   83
36.8400   75
36.8600   98
36.8800   73
36.9000   94
36.9200   97
36.9400   81
36.9600   94
36.9800   114
37.0000   95
37.0200   73
37.0400   75
37.0600   98
37.0800   83
37.1000   71
37.1200   95
37.1400   87
37.1600   84
37.1800   85
37.2000   72
37.2200   88
37.2400   89
37.2600   96
37.2800   97
37.3000   92
37.3200   101
37.3400   91
37.3600   87
37.3800   99
37.4000   80
37.4200   94
37.4400   96
37.4600   86
37.4800   82
37.5000   90
37.5200   93
37.5400   94
37.5600   92
37.5800   77
37.6000   80
37.6200   81
37.6400   78
37.6600   71
37.6800   89
37.7000   82
37.7200   101
37.7400   78
37.7600   82
37.7800   88
37.8000   92
37.8200   57
37.8400   99
37.8600   81
37.8800   101
37.9000   88
37.9200   80
37.9400   72
37.9600   83
37.9800   85
38.0000   103
38.0200   107
38.0400   104
38.0600   97
38.0800   111
38.1000   89
38.1200   78
38.1400   76
38.1600   80
38.1800   96
38.2000   85
38.2200   97
38.2400   102
38.2600   103
38.2800   125
38.3000   169
38.3200   145
38.3400   142
38.3600   161
38.3800   157
38.4000   149
38.4200   138
38.4400   132
38.4600   145
38.4800   108
38.5000   112
38.5200   92
38.5400   81
38.5600   111
38.5800   93
38.6000   101
38.6200   99
38.6400   97
38.6600   94
38.6800   85
38.7000   91
38.7200   74
38.7400   78
38.7600   84
38.7800   72
38.8000   94
38.8200   83
38.8400   72
38.8600   78
38.8800   82
38.9000   74
38.9200   100
38.9400   90
38.9600   75
38.9800   88
39.0000   74
39.0200   90
39.0400   100
39.0600   73
39.0800   78
39.1000   94
39.1200   91
39.1400   66
39.1600   85
39.1800   80
39.2000   98
39.2200   89
39.2400   74
39.2600   78
39.2800   86
39.3000   87
39.3200   84
39.3400   99
39.3600   99
39.3800   82
39.4000   86
39.4200   93
39.4400   83
39.4600   72
39.4800   91
39.5000   91
39.5200   82
39.5400   89
39.5600   91
39.5800   77
39.6000   97
39.6200   76
39.6400   90
39.6600   89
39.6800   82
39.7000   75
39.7200   76
39.7400   86
39.7600   79
39.7800   84
39.8000   89
39.8200   92
39.8400   81
39.8600   89
39.8800   91
39.9000   85
39.9200   73
39.9400   88
39.9600   79
39.9800   80
40.0000   86
40.0200   85
40.0400   88
40.0600   75
40.0800   84
40.1000   72
40.1200   91
40.1400   94
40.1600   85
40.1800   101
40.2000   65
40.2200   101
40.2400   92
40.2600   95
40.2800   75
40.3000   86
40.3200   85
40.3400   82
40.3600   97
40.3800   75
40.4000   83
40.4200   98
40.4400   73
40.4600   98
40.4800   75
40.5000   80
40.5200   102
40.5400   96
40.5600   90
40.5800   107
40.6000   86
40.6200   83
40.6400   95
40.6600   89
40.6800   89
40.7000   90
40.7200   103
40.7400   91
40.7600   87
40.7800   81
40.8000   88
40.8200   87
40.8400   85
40.8600   90
40.8800   90
40.9000   92
40.9200   88
40.9400   78
40.9600   93
40.9800   88
41.0000   103
41.0200   87
41.0400   81
41.0600   87
41.0800   87
41.1000   98
41.1200   77
41.1400   84
41.1600   67
41.1800   89
41.2000   72
41.2200   89
41.2400   102
41.2600   96
41.2800   95
41.3000   98
41.3200   82
41.3400   83
41.3600   72
41.3800   78
41.4000   99
41.4200   95
41.4400   82
41.4600   97
41.4800   94
41.5000   83
41.5200   95
41.5400   95
41.5600   92
41.5800   104
41.6000   75
41.6200   94
41.6400   107
41.6600   78
41.6800   77
41.7000   101
41.7200   83
41.7400   103
41.7600   89
41.7800   110
41.8000   86
41.8200   105
41.8400   119
41.8600   105
41.8800   94
41.9000   93
41.9200   95
41.9400   101
41.9600   87
41.9800   90
42.0000   81
42.0200   97
42.0400   81
42.0600   99
42.0800   89
42.1000   90
42.1200   107
42.1400   86
42.1600   97
42.1800   105
42.2000   90
42.2200   99
42.2400   93
42.2600   95
42.2800   103
42.3000   98
42.3200   96
42.3400   115
42.3600   120
42.3800   104
42.4000   105
42.4200   125
42.4400   97
42.4600   106
42.4800   110
42.5000   111
42.5200   97
42.5400   125
42.5600   105
42.5800   105
42.6000   98
42.6200   91
42.6400   104
42.6600   98
42.6800   132
42.7000   120
42.7200   97
42.7400   134
42.7600   121
42.7800   127
42.8000   120
42.8200   118
42.8400   131
42.8600   108
42.8800   130
42.9000   127
42.9200   130
42.9400   127
42.9600   151
42.9800   152
43.0000   186
43.0200   180
43.0400   199
43.0600   212
43.0800   226
43.1000   249
43.1200   305
43.1400   384
43.1600   459
43.1800   470
43.2000   652
43.2200   753
43.2400   1045
43.2600   1294
43.2800   1843
43.3000   2136
43.3200   2892
43.3400   3015
43.3600   3095
43.3800   2949
43.4000   2587
43.4200   2524
43.4400   2222
43.4600   2051
43.4800   1738
43.5000   1499
43.5200   1057
43.5400   901
43.5600   663
43.5800   503
43.6000   391
43.6200   376
43.6400   282
43.6600   257
43.6800   247
43.7000   227
43.7200   188
43.7400   207
43.7600   169
43.7800   156
43.8000   159
43.8200   141
43.8400   153
43.8600   124
43.8800   149
43.9000   119
43.9200   129
43.9400   127
43.9600   146
43.9800   117
44.0000   107
44.0200   152
44.0400   104
44.0600   110
44.0800   120
44.1000   116
44.1200   100
44.1400   105
44.1600   97
44.1800   111
44.2000   101
44.2200   105
44.2400   104
44.2600   98
44.2800   105
44.3000   90
44.3200   102
44.3400   108
44.3600   87
44.3800   104
44.4000   98
44.4200   98
44.4400   89
44.4600   117
44.4800   97
44.5000   113
44.5200   107
44.5400   94
44.5600   111
44.5800   109
44.6000   103
44.6200   104
44.6400   107
44.6600   95
44.6800   97
44.7000   99
44.7200   101
44.7400   95
44.7600   108
44.7800   81
44.8000   93
44.8200   103
44.8400   92
44.8600   94
44.8800   80
44.9000   101
44.9200   90
44.9400   86
44.9600   85
44.9800   90
45.0000   88
45.0200   107
45.0400   96
45.0600   84
45.0800   95
45.1000   87
45.1200   80
45.1400   89
45.1600   86
45.1800   88
45.2000   83
45.2200   109
45.2400   113
45.2600   90
45.2800   95
45.3000   81
45.3200   75
45.3400   78
45.3600   80
45.3800   89
45.4000   89
45.4200   114
45.4400   81
45.4600   76
45.4800   92
45.5000   72
45.5200   70
45.5400   92
45.5600   97
45.5800   85
45.6000   82
45.6200   93
45.6400   96
45.6600   85
45.6800   81
45.7000   88
45.7200   95
45.7400   70
45.7600   84
45.7800   102
45.8000   80
45.8200   68
45.8400   77
45.8600   67
45.8800   85
45.9000   85
45.9200   94
45.9400   70
45.9600   93
45.9800   85
46.0000   76
46.0200   68
46.0400   84
46.0600   98
46.0800   92
46.1000   78
46.1200   79
46.1400   111
46.1600   92
46.1800   81
46.2000   66
46.2200   91
46.2400   97
46.2600   67
46.2800   72
46.3000   87
46.3200   92
46.3400   88
46.3600   84
46.3800   93
46.4000   101
46.4200   93
46.4400   92
46.4600   87
46.4800   81
46.5000   86
46.5200   92
46.5400   102
46.5600   92
46.5800   86
46.6000   79
46.6200   76
46.6400   81
46.6600   83
46.6800   73
46.7000   77
46.7200   88
46.7400   89
46.7600   91
46.7800   85
46.8000   97
46.8200   85
46.8400   100
46.8600   94
46.8800   91
46.9000   78
46.9200   78
46.9400   71
46.9600   86
46.9800   80
47.0000   87
47.0200   78
47.0400   107
47.0600   93
47.0800   78
47.1000   85
47.1200   77
47.1400   96
47.1600   87
47.1800   83
47.2000   86
47.2200   86
47.2400   77
47.2600   85
47.2800   93
47.3000   89
47.3200   80
47.3400   76
47.3600   89
47.3800   85
47.4000   97
47.4200   92
47.4400   67
47.4600   73
47.4800   70
47.5000   91
47.5200   93
47.5400   86
47.5600   96
47.5800   83
47.6000   100
47.6200   84
47.6400   76
47.6600   87
47.6800   99
47.7000   87
47.7200   68
47.7400   88
47.7600   84
47.7800   65
47.8000   72
47.8200   97
47.8400   75
47.8600   90
47.8800   89
47.9000   87
47.9200   90
47.9400   79
47.9600   79
47.9800   92
48.0000   70
48.0200   96
48.0400   90
48.0600   97
48.0800   104
48.1000   101
48.1200   79
48.1400   87
48.1600   92
48.1800   74
48.2000   89
48.2200   93
48.2400   93
48.2600   92
48.2800   97
48.3000   89
48.3200   98
48.3400   85
48.3600   74
48.3800   88
48.4000   81
48.4200   86
48.4400   90
48.4600   85
48.4800   75
48.5000   92
48.5200   83
48.5400   71
48.5600   90
48.5800   101
48.6000   84
48.6200   73
48.6400   93
48.6600   81
48.6800   87
48.7000   93
48.7200   84
48.7400   88
48.7600   97
48.7800   92
48.8000   96
48.8200   94
48.8400   96
48.8600   91
48.8800   101
48.9000   88
48.9200   90
48.9400   91
48.9600   81
48.9800   94
49.0000   89
49.0200   107
49.0400   87
49.0600   89
49.0800   91
49.1000   98
49.1200   72
49.1400   85
49.1600   89
49.1800   99
49.2000   90
49.2200   80
49.2400   93
49.2600   101
49.2800   93
49.3000   88
49.3200   87
49.3400   91
49.3600   93
49.3800   91
49.4000   80
49.4200   90
49.4400   84
49.4600   96
49.4800   92
49.5000   88
49.5200   101
49.5400   94
49.5600   94
49.5800   106
49.6000   108
49.6200   90
49.6400   120
49.6600   89
49.6800   113
49.7000   90
49.7200   104
49.7400   109
49.7600   94
49.7800   103
49.8000   117
49.8200   101
49.8400   106
49.8600   120
49.8800   124
49.9000   101
49.9200   124
49.9400   117
49.9600   117
49.9800   115
50.0000   134
50.0200   156
50.0400   137
50.0600   155
50.0800   182
50.1000   150
50.1200   196
50.1400   218
50.1600   207
50.1800   236
50.2000   243
50.2200   320
50.2400   326
50.2600   363
50.2800   487
50.3000   492
50.3200   642
50.3400   723
50.3600   872
50.3800   981
50.4000   1173
50.4200   1375
50.4400   1429
50.4600   1539
50.4800   1589
50.5000   1611
50.5200   1384
50.5400   1328
50.5600   1256
50.5800   1197
50.6000   1053
50.6200   973
50.6400   816
50.6600   771
50.6800   603
50.7000   463
50.7200   462
50.7400   394
50.7600   322
50.7800   299
50.8000   213
50.8200   236
50.8400   192
50.8600   205
50.8800   170
50.9000   167
50.9200   181
50.9400   158
50.9600   162
50.9800   142
51.0000   112
51.0200   141
51.0400   135
51.0600   126
51.0800   129
51.1000   106
51.1200   115
51.1400   108
51.1600   119
51.1800   103
51.2000   98
51.2200   114
51.2400   96
51.2600   117
51.2800   83
51.3000   117
51.3200   97
51.3400   96
51.3600   102
51.3800   113
51.4000   97
51.4200   95
51.4400   84
51.4600   95
51.4800   97
51.5000   97
51.5200   99
51.5400   92
51.5600   119
51.5800   101
51.6000   86
51.6200   102
51.6400   96
51.6600   81
51.6800   99
51.7000   70
51.7200   93
51.7400   85
51.7600   81
51.7800   97
51.8000   91
51.8200   95
51.8400   74
51.8600   84
51.8800   95
51.9000   98
51.9200   74
51.9400   73
51.9600   76
51.9800   95
52.0000   84
52.0200   82
52.0400   97
52.0600   95
52.0800   82
52.1000   83
52.1200   87
52.1400   87
52.1600   86
52.1800   78
52.2000   92
52.2200   91
52.2400   66
52.2600   87
52.2800   92
52.3000   93
52.3200   86
52.3400   73
52.3600   80
52.3800   87
52.4000   82
52.4200   85
52.4400   89
52.4600   93
52.4800   85
52.5000   88
52.5200   92
52.5400   88
52.5600   89
52.5800   104
52.6000   89
52.6200   89
52.6400   89
52.6600   102
52.6800   96
52.7000   104
52.7200   82
52.7400   68
52.7600   83
52.7800   80
52.8000   92
52.8200   80
52.8400   90
52.8600   92
52.8800   80
52.9000   96
52.9200   79
52.9400   84
52.9600   78
52.9800   73
53.0000   82
53.0200   95
53.0400   73
53.0600   92
53.0800   91
53.1000   96
53.1200   84
53.1400   65
53.1600   91
53.1800   89
53.2000   72
53.2200   92
53.2400   58
53.2600   79
53.2800   84
53.3000   82
53.3200   83
53.3400   78
53.3600   74
53.3800   73
53.4000   85
53.4200   91
53.4400   88
53.4600   77
53.4800   74
53.5000   84
53.5200   78
53.5400   88
53.5600   82
53.5800   85
53.6000   72
53.6200   91
53.6400   79
53.6600   72
53.6800   90
53.7000   83
53.7200   80
53.7400   83
53.7600   88
53.7800   84
53.8000   72
53.8200   88
53.8400   86
53.8600   88
53.8800   83
53.9000   93
53.9200   77
53.9400   97
53.9600   83
53.9800   80
54.0000   85
54.0200   84
54.0400   92
54.0600   87
54.0800   71
54.1000   80
54.1200   72
54.1400   98
54.1600   87
54.1800   93
54.2000   86
54.2200   72
54.2400   88
54.2600   92
54.2800   86
54.3000   91
54.3200   77
54.3400   73
54.3600   74
54.3800   92
54.4000   79
54.4200   84
54.4400   83
54.4600   82
54.4800   83
54.5000   93
54.5200   69
54.5400   88
54.5600   91
54.5800   89
54.6000   73
54.6200   91
54.6400   87
54.6600   80
54.6800   72
54.7000   82
54.7200   90
54.7400   84
54.7600   62
54.7800   79
54.8000   93
54.8200   94
54.8400   102
54.8600   73
54.8800   88
54.9000   91
54.9200   86
54.9400   88
54.9600   72
54.9800   98
55.0000   69
55.0200   92
55.0400   78
55.0600   92
55.0800   78
55.1000   88
55.1200   96
55.1400   80
55.1600   90
55.1800   90
55.2000   73
55.2200   93
55.2400   74
55.2600   78
55.2800   82
55.3000   88
55.3200   60
55.3400   90
55.3600   91
55.3800   83
55.4000   82
55.4200   76
55.4400   65
55.4600   94
55.4800   64
55.5000   85
55.5200   86
55.5400   74
55.5600   77
55.5800   93
55.6000   91
55.6200   101
55.6400   91
55.6600   84
55.6800   80
55.7000   74
55.7200   77
55.7400   71
55.7600   78
55.7800   88
55.8000   78
55.8200   78
55.8400   91
55.8600   91
55.8800   87
55.9000   91
55.9200   97
55.9400   70
55.9600   97
55.9800   88
56.0000   88
56.0200   108
56.0400   87
56.0600   94
56.0800   80
56.1000   87
56.1200   83
56.1400   92
56.1600   84
56.1800   90
56.2000   78
56.2200   105
56.2400   68
56.2600   89
56.2800   82
56.3000   89
56.3200   103
56.3400   76
56.3600   95
56.3800   77
56.4000   77
56.4200   71
56.4400   85
56.4600   90
56.4800   94
56.5000   69
56.5200   79
56.5400   81
56.5600   85
56.5800   87
56.6000   69
56.6200   81
56.6400   86
56.6600   90
56.6800   83
56.7000   85
56.7200   97
56.7400   87
56.7600   75
56.7800   91
56.8000   65
56.8200   86
56.8400   88
56.8600   76
56.8800   80
56.9000   85
56.9200   98
56.9400   74
56.9600   100
56.9800   81
57.0000   76
57.0200   84
57.0400   76
57.0600   83
57.0800   74
57.1000   77
57.1200   97
57.1400   81
57.1600   86
57.1800   85
57.2000   88
57.2200   90
57.2400   75
57.2600   78
57.2800   73
57.3000   77
57.3200   87
57.3400   91
57.3600   81
57.3800   67
57.4000   90
57.4200   92
57.4400   101
57.4600   76
57.4800   60
57.5000   72
57.5200   88
57.5400   77
57.5600   80
57.5800   71
57.6000   100
57.6200   74
57.6400   77
57.6600   91
57.6800   77
57.7000   80
57.7200   101
57.7400   84
57.7600   85
57.7800   74
57.8000   78
57.8200   86
57.8400   89
57.8600   80
57.8800   90
57.9000   86
57.9200   93
57.9400   98
57.9600   93
57.9800   85
58.0000   84
58.0200   78
58.0400   76
58.0600   100
58.0800   78
58.1000   81
58.1200   89
58.1400   73
58.1600   83
58.1800   80
58.2000   73
58.2200   67
58.2400   93
58.2600   81
58.2800   99
58.3000   87
58.3200   83
58.3400   87
58.3600   85
58.3800   86
58.4000   88
58.4200   97
58.4400   79
58.4600   93
58.4800   106
58.5000   81
58.5200   89
58.5400   83
58.5600   94
58.5800   76
58.6000   62
58.6200   73
58.6400   103
58.6600   66
58.6800   71
58.7000   82
58.7200   77
58.7400   77
58.7600   74
58.7800   74
58.8000   73
58.8200   87
58.8400   81
58.8600   91
58.8800   77
58.9000   63
58.9200   88
58.9400   87
58.9600   90
58.9800   86
59.0000   80
59.0200   83
59.0400   73
59.0600   82
59.0800   94
59.1000   76
59.1200   92
59.1400   92
59.1600   71
59.1800   84
59.2000   93
59.2200   58
59.2400   79
59.2600   78
59.2800   80
59.3000   68
59.3200   78
59.3400   94
59.3600   85
59.3800   83
59.4000   81
59.4200   75
59.4400   77
59.4600   76
59.4800   85
59.5000   77
59.5200   87
59.5400   77
59.5600   93
59.5800   85
59.6000   95
59.6200   81
59.6400   69
59.6600   95
59.6800   73
59.7000   76
59.7200   79
59.7400   80
59.7600   78
59.7800   69
59.8000   77
59.8200   74
59.8400   82
59.8600   84
59.8800   83
59.9000   77
59.9200   82
59.9400   90
59.9600   80
59.9800   84
60.0000   91
60.0200   88
60.0400   86
60.0600   75
60.0800   79
60.1000   86
60.1200   82
60.1400   75
60.1600   58
60.1800   86
60.2000   87
60.2200   80
60.2400   73
60.2600   87
60.2800   80
60.3000   86
60.3200   99
60.3400   87
60.3600   94
60.3800   84
60.4000   79
60.4200   84
60.4400   83
60.4600   73
60.4800   90
60.5000   95
60.5200   86
60.5400   81
60.5600   90
60.5800   78
60.6000   80
60.6200   77
60.6400   96
60.6600   90
60.6800   78
60.7000   90
60.7200   80
60.7400   90
60.7600   97
60.7800   81
60.8000   87
60.8200   76
60.8400   83
60.8600   92
60.8800   101
60.9000   87
60.9200   106
60.9400   85
60.9600   80
60.9800   77
61.0000   64
61.0200   115
61.0400   97
61.0600   87
61.0800   100
61.1000   74
61.1200   79
61.1400   86
61.1600   81
61.1800   98
61.2000   89
61.2200   87
61.2400   70
61.2600   89
61.2800   91
61.3000   101
61.3200   90
61.3400   97
61.3600   87
61.3800   87
61.4000   78
61.4200   81
61.4400   79
61.4600   81
61.4800   90
61.5000   100
61.5200   82
61.5400   78
61.5600   72
61.5800   72
61.6000   74
61.6200   96
61.6400   82
61.6600   91
61.6800   79
61.7000   83
61.7200   71
61.7400   86
61.7600   77
61.7800   103
61.8000   80
61.8200   92
61.8400   91
61.8600   92
61.8800   87
61.9000   98
61.9200   94
61.9400   79
61.9600   92
61.9800   83
62.0000   87
62.0200   79
62.0400   99
62.0600   83
62.0800   81
62.1000   87
62.1200   79
62.1400   79
62.1600   84
62.1800   80
62.2000   68
62.2200   96
62.2400   75
62.2600   81
62.2800   76
62.3000   96
62.3200   78
62.3400   82
62.3600   73
62.3800   85
62.4000   72
62.4200   73
62.4400   91
62.4600   77
62.4800   95
62.5000   89
62.5200   91
62.5400   101
62.5600   80
62.5800   76
62.6000   80
62.6200   86
62.6400   85
62.6600   80
62.6800   94
62.7000   96
62.7200   97
62.7400   93
62.7600   83
62.7800   85
62.8000   74
62.8200   88
62.8400   81
62.8600   83
62.8800   85
62.9000   82
62.9200   92
62.9400   77
62.9600   63
62.9800   97
63.0000   95
63.0200   94
63.0400   95
63.0600   73
63.0800   81
63.1000   61
63.1200   93
63.1400   84
63.1600   70
63.1800   58
63.2000   99
63.2200   82
63.2400   81
63.2600   95
63.2800   89
63.3000   86
63.3200   91
63.3400   96
63.3600   90
63.3800   84
63.4000   89
63.4200   81
63.4400   84
63.4600   85
63.4800   72
63.5000   86
63.5200   76
63.5400   79
63.5600   99
63.5800   86
63.6000   83
63.6200   87
63.6400   78
63.6600   85
63.6800   89
63.7000   72
63.7200   92
63.7400   60
63.7600   83
63.7800   74
63.8000   87
63.8200   102
63.8400   83
63.8600   90
63.8800   81
63.9000   83
63.9200   88
63.9400   98
63.9600   84
63.9800   85
64.0000   85
64.0200   82
64.0400   71
64.0600   95
64.0800   72
64.1000   88
64.1200   76
64.1400   88
64.1600   87
64.1800   73
64.2000   78
64.2200   92
64.2400   60
64.2600   80
64.2800   70
64.3000   87
64.3200   88
64.3400   96
64.3600   96
64.3800   76
64.4000   88
64.4200   75
64.4400   63
64.4600   88
64.4800   80
64.5000   77
64.5200   73
64.5400   80
64.5600   87
64.5800   80
64.6000   82
64.6200   83
64.6400   87
64.6600   75
64.6800   88
64.7000   82
64.7200   85
64.7400   87
64.7600   76
64.7800   85
64.8000   91
64.8200   103
64.8400   85
64.8600   67
64.8800   72
64.9000   95
64.9200   88
64.9400   96
64.9600   67
64.9800   82
65.0000   91
65.0200   84
65.0400   90
65.0600   80
65.0800   97
65.1000   71
65.1200   80
65.1400   65
65.1600   99
65.1800   77
65.2000   83
65.2200   83
65.2400   86
65.2600   89
65.2800   79
65.3000   90
65.3200   78
65.3400   84
65.3600   84
65.3800   102
65.4000   92
65.4200   86
65.4400   93
65.4600   89
65.4800   90
65.5000   79
65.5200   81
65.5400   82
65.5600   83
65.5800   98
65.6000   73
65.6200   86
65.6400   85
65.6600   86
65.6800   91
65.7000   87
65.7200   89
65.7400   93
65.7600   91
65.7800   89
65.8000   74
65.8200   93
65.8400   82
65.8600   96
65.8800   77
65.9000   84
65.9200   85
65.9400   87
65.9600   85
65.9800   91
66.0000   104
66.0200   85
66.0400   89
66.0600   100
66.0800   87
66.1000   90
66.1200   84
66.1400   96
66.1600   80
66.1800   83
66.2000   87
66.2200   71
66.2400   87
66.2600   95
66.2800   91
66.3000   81
66.3200   79
66.3400   66
66.3600   90
66.3800   79
66.4000   89
66.4200   71
66.4400   79
66.4600   77
66.4800   70
66.5000   75
66.5200   83
66.5400   95
66.5600   98
66.5800   81
66.6000   84
66.6200   97
66.6400   79
66.6600   92
66.6800   80
66.7000   80
66.7200   61
66.7400   107
66.7600   91
66.7800   82
66.8000   79
66.8200   98
66.8400   85
66.8600   75
66.8800   76
66.9000   80
66.9200   80
66.9400   93
66.9600   86
66.9800   93
67.0000   97
67.0200   73
67.0400   81
67.0600   84
67.0800   88
67.1000   69
67.1200   77
67.1400   68
67.1600   75
67.1800   89
67.2000   91
67.2200   77
67.2400   69
67.2600   83
67.2800   76
67.3000   73
67.3200   75
67.3400   82
67.3600   82
67.3800   83
67.4000   83
67.4200   88
67.4400   84
67.4600   68
67.4800   85
67.5000   68
67.5200   67
67.5400   90
67.5600   77
67.5800   96
67.6000   66
67.6200   76
67.6400   106
67.6600   75
67.6800   81
67.7000   84
67.7200   80
67.7400   99
67.7600   69
67.7800   83
67.8000   94
67.8200   84
67.8400   90
67.8600   73
67.8800   64
67.9000   80
67.9200   74
67.9400   80
67.9600   73
67.9800   84
68.0000   86
68.0200   86
68.0400   74
68.0600   76
68.0800   73
68.1000   70
68.1200   84
68.1400   112
68.1600   78
68.1800   72
68.2000   81
68.2200   92
68.2400   68
68.2600   93
68.2800   88
68.3000   95
68.3200   87
68.3400   109
68.3600   80
68.3800   77
68.4000   75
68.4200   95
68.4400   72
68.4600   79
68.4800   85
68.5000   93
68.5200   75
68.5400   93
68.5600   90
68.5800   65
68.6000   86
68.6200   83
68.6400   85
68.6600   95
68.6800   85
68.7000   81
68.7200   73
68.7400   90
68.7600   80
68.7800   83
68.8000   86
68.8200   88
68.8400   77
68.8600   92
68.8800   85
68.9000   98
68.9200   78
68.9400   84
68.9600   77
68.9800   75
69.0000   90
69.0200   85
69.0400   84
69.0600   83
69.0800   74
69.1000   88
69.1200   87
69.1400   84
69.1600   81
69.1800   89
69.2000   87
69.2200   85
69.2400   81
69.2600   88
69.2800   86
69.3000   93
69.3200   72
69.3400   54
69.3600   70
69.3800   85
69.4000   76
69.4200   88
69.4400   81
69.4600   76
69.4800   82
69.5000   100
69.5200   74
69.5400   92
69.5600   102
69.5800   98
69.6000   98
69.6200   76
69.6400   97
69.6600   90
69.6800   79
69.7000   80
69.7200   77
69.7400   62
69.7600   98
69.7800   69
69.8000   83
69.8200   95
69.8400   81
69.8600   74
69.8800   85
69.9000   80
69.9200   96
69.9400   82
69.9600   73
69.9800   85
70.0000   104
70.0200   83
70.0400   103
70.0600   88
70.0800   89
70.1000   63
70.1200   77
70.1400   71
70.1600   83
70.1800   91
70.2000   74
70.2200   75
70.2400   72
70.2600   87
70.2800   66
70.3000   85
70.3200   84
70.3400   72
70.3600   79
70.3800   86
70.4000   92
70.4200   72
70.4400   98
70.4600   81
70.4800   61
70.5000   101
70.5200   89
70.5400   81
70.5600   98
70.5800   87
70.6000   87
70.6200   77
70.6400   94
70.6600   79
70.6800   97
70.7000   95
70.7200   82
70.7400   99
70.7600   88
70.7800   93
70.8000   77
70.8200   98
70.8400   87
70.8600   83
70.8800   87
70.9000   98
70.9200   84
70.9400   96
70.9600   91
70.9800   78
71.0000   104
71.0200   88
71.0400   81
71.0600   85
71.0800   70
71.1000   81
71.1200   77
71.1400   96
71.1600   76
71.1800   64
71.2000   85
71.2200   101
71.2400   82
71.2600   90
71.2800   83
71.3000   92
71.3200   78
71.3400   89
71.3600   73
71.3800   79
71.4000   108
71.4200   100
71.4400   74
71.4600   85
71.4800   97
71.5000   76
71.5200   86
71.5400   93
71.5600   76
71.5800   78
71.6000   90
71.6200   86
71.6400   64
71.6600   86
71.6800   69
71.7000   86
71.7200   80
71.7400   78
71.7600   89
71.7800   84
71.8000   85
71.8200   68
71.8400   88
71.8600   83
71.8800   83
71.9000   74
71.9200   80
71.9400   85
71.9600   85
71.9800   79
72.0000   78
72.0200   76
72.0400   100
72.0600   85
72.0800   78
72.1000   85
72.1200   66
72.1400   71
72.1600   98
72.1800   87
72.2000   71
72.2200   96
72.2400   90
72.2600   100
72.2800   76
72.3000   98
72.3200   67
72.3400   90
72.3600   93
72.3800   83
72.4000   78
72.4200   67
72.4400   72
72.4600   73
72.4800   83
72.5000   94
72.5200   84
72.5400   89
72.5600   80
72.5800   103
72.6000   75
72.6200   95
72.6400   91
72.6600   80
72.6800   69
72.7000   73
72.7200   98
72.7400   77
72.7600   96
72.7800   102
72.8000   94
72.8200   86
72.8400   68
72.8600   82
72.8800   75
72.9000   76
72.9200   85
72.9400   85
72.9600   74
72.9800   98
73.0000   97
73.0200   101
73.0400   73
73.0600   74
73.0800   57
73.1000   79
73.1200   80
73.1400   89
73.1600   92
73.1800   72
73.2000   73
73.2200   88
73.2400   84
73.2600   86
73.2800   91
73.3000   90
73.3200   70
73.3400   73
73.3600   69
73.3800   89
73.4000   87
73.4200   60
73.4400   98
73.4600   74
73.4800   85
73.5000   85
73.5200   70
73.5400   86
73.5600   84
73.5800   78
73.6000   93
73.6200   81
73.6400   105
73.6600   85
73.6800   96
73.7000   105
73.7200   99
73.7400   96
73.7600   103
73.7800   96
73.8000   94
73.8200   103
73.8400   98
73.8600   112
73.8800   112
73.9000   100
73.9200   117
73.9400   121
73.9600   135
73.9800   128
74.0000   134
74.0200   140
74.0400   170
74.0600   163
74.0800   203
74.1000   189
74.1200   244
74.1400   239
74.1600   289
74.1800   278
74.2000   233
74.2200   239
74.2400   200
74.2600   211
74.2800   206
74.3000   180
74.3200   192
74.3400   206
74.3600   200
74.3800   214
74.4000   205
74.4200   173
74.4400   132
74.4600   135
74.4800   111
74.5000   140
74.5200   134
74.5400   127
74.5600   111
74.5800   109
74.6000   92
74.6200   131
74.6400   105
74.6600   124
74.6800   104
74.7000   102
74.7200   88
74.7400   86
74.7600   86
74.7800   91
74.8000   90
74.8200   107
74.8400   101
74.8600   79
74.8800   99
74.9000   75
74.9200   71
74.9400   85
74.9600   89
74.9800   71
75.0000   88
75.0200   81
75.0400   91
75.0600   91
75.0800   89
75.1000   86
75.1200   91
75.1400   84
75.1600   99
75.1800   92
75.2000   92
75.2200   91
75.2400   89
75.2600   101
75.2800   84
75.3000   89
75.3200   100
75.3400   92
75.3600   100
75.3800   95
75.4000   79
75.4200   90
75.4400   90
75.4600   67
75.4800   77
75.5000   99
75.5200   82
75.5400   95
75.5600   94
75.5800   80
75.6000   90
75.6200   82
75.6400   80
75.6600   84
75.6800   73
75.7000   83
75.7200   85
75.7400   83
75.7600   88
75.7800   108
75.8000   82
75.8200   80
75.8400   75
75.8600   69
75.8800   84
75.9000   91
75.9200   77
75.9400   111
75.9600   68
75.9800   70
76.0000   100
76.0200   81
76.0400   80
76.0600   105
76.0800   80
76.1000   75
76.1200   84
76.1400   77
76.1600   92
76.1800   81
76.2000   84
76.2200   78
76.2400   75
76.2600   79
76.2800   87
76.3000   61
76.3200   69
76.3400   92
76.3600   78
76.3800   74
76.4000   83
76.4200   90
76.4400   76
76.4600   91
76.4800   78
76.5000   86
76.5200   88
76.5400   92
76.5600   74
76.5800   83
76.6000   94
76.6200   102
76.6400   87
76.6600   81
76.6800   88
76.7000   102
76.7200   76
76.7400   76
76.7600   69
76.7800   81
76.8000   101
76.8200   82
76.8400   94
76.8600   96
76.8800   101
76.9000   86
76.9200   74
76.9400   78
76.9600   102
76.9800   88
77.0000   103
77.0200   86
77.0400   89
77.0600   81
77.0800   83
77.1000   83
77.1200   87
77.1400   91
77.1600   74
77.1800   73
77.2000   89
77.2200   88
77.2400   92
77.2600   94
77.2800   91
77.3000   81
77.3200   88
77.3400   60
77.3600   100
77.3800   74
77.4000   80
77.4200   95
77.4400   90
77.4600   78
77.4800   103
77.5000   98
77.5200   80
77.5400   90
77.5600   75
77.5800   81
77.6000   83
77.6200   98
77.6400   86
77.6600   100
77.6800   91
77.7000   74
77.7200   91
77.7400   88
77.7600   95
77.7800   82
77.8000   76
77.8200   85
77.8400   82
77.8600   106
77.8800   90
77.9000   74
77.9200   83
77.9400   81
77.9600   86
77.9800   79
78.0000   79
78.0200   96
78.0400   75
78.0600   98
78.0800   91
78.1000   90
78.1200   79
78.1400   85
78.1600   80
78.1800   98
78.2000   80
78.2200   98
78.2400   83
78.2600   73
78.2800   86
78.3000   89
78.3200   95
78.3400   101
78.3600   89
78.3800   80
78.4000   81
78.4200   84
78.4400   83
78.4600   82
78.4800   89
78.5000   83
78.5200   89
78.5400   71
78.5600   93
78.5800   73
78.6000   87
78.6200   102
78.6400   92
78.6600   96
78.6800   76
78.7000   84
78.7200   74
78.7400   93
78.7600   91
78.7800   101
78.8000   89
78.8200   90
78.8400   80
78.8600   80
78.8800   76
78.9000   72
78.9200   97
78.9400   98
78.9600   67
78.9800   79
79.0000   87
79.0200   83
79.0400   93
79.0600   85
79.0800   107
79.1000   80
79.1200   65
79.1400   92
79.1600   99
79.1800   87
79.2000   88
79.2200   88
79.2400   95
79.2600   83
79.2800   73
79.3000   77
79.3200   84
79.3400   79
79.3600   83
79.3800   76
79.4000   77
79.4200   94
79.4400   92
79.4600   77
79.4800   79
79.5000   99
79.5200   87
79.5400   87
79.5600   95
79.5800   88
79.6000   85
79.6200   84
79.6400   82
79.6600   79
79.6800   79
79.7000   92
79.7200   76
79.7400   87
79.7600   68
79.7800   104
79.8000   85
79.8200   91
79.8400   71
79.8600   76
79.8800   79
79.9000   81
79.9200   91
79.9400   80
79.9600   87
79.9800   91
80.0000   89
80.0200   80
80.0400   86
80.0600   81
80.0800   74
80.1000   77
80.1200   77
80.1400   90
80.1600   72
80.1800   87
80.2000   92
80.2200   80
80.2400   79
80.2600   74
80.2800   80
80.3000   72
80.3200   93
80.3400   102
80.3600   73
80.3800   69
80.4000   79
80.4200   84
80.4400   63
80.4600   81
80.4800   64
80.5000   105
80.5200   83
80.5400   84
80.5600   96
80.5800   77
80.6000   101
80.6200   79
80.6400   96
80.6600   71
80.6800   93
80.7000   85
80.7200   75
80.7400   80
80.7600   93
80.7800   68
80.8000   97
80.8200   87
80.8400   78
80.8600   80
80.8800   73
80.9000   71
80.9200   86
80.9400   80
80.9600   83
80.9800   99
81.0000   83
81.0200   84
81.0400   87
81.0600   68
81.0800   75
81.1000   94
81.1200   75
81.1400   89
81.1600   77
81.1800   91
81.2000   78
81.2200   78
81.2400   82
81.2600   88
81.2800   75
81.3000   73
81.3200   80
81.3400   80
81.3600   92
81.3800   85
81.4000   90
81.4200   78
81.4400   80
81.4600   69
81.4800   95
81.5000   75
81.5200   63
81.5400   93
81.5600   87
81.5800   72
81.6000   83
81.6200   82
81.6400   104
81.6600   84
81.6800   93
81.7000   96
81.7200   88
81.7400   74
81.7600   85
81.7800   84
81.8000   87
81.8200   80
81.8400   75
81.8600   107
81.8800   90
81.9000   110
81.9200   95
81.9400   81
81.9600   82
81.9800   81
82.0000   86
82.0200   74
82.0400   85
82.0600   91
82.0800   73
82.1000   89
82.1200   90
82.1400   85
82.1600   86
82.1800   93
82.2000   84
82.2200   78
82.2400   97
82.2600   82
82.2800   90
82.3000   98
82.3200   84
82.3400   94
82.3600   108
82.3800   101
82.4000   103
82.4200   85
82.4400   82
82.4600   82
82.4800   106
82.5000   83
82.5200   95
82.5400   81
82.5600   76
82.5800   100
82.6000   99
82.6200   86
82.6400   96
82.6600   88
82.6800   102
82.7000   96
82.7200   93
82.7400   85
82.7600   79
82.7800   76
82.8000   94
82.8200   67
82.8400   92
82.8600   74
82.8800   89
82.9000   82
82.9200   68
82.9400   73
82.9600   93
82.9800   93
83.0000   72
83.0200   61
83.0400   80
83.0600   68
83.0800   93
83.1000   65
83.1200   83
83.1400   86
83.1600   88
83.1800   85
83.2000   84
83.2200   91
83.2400   94
83.2600   83
83.2800   98
83.3000   93
83.3200   79
83.3400   78
83.3600   84
83.3800   81
83.4000   80
83.4200   85
83.4400   96
83.4600   86
83.4800   86
83.5000   76
83.5200   93
83.5400   94
83.5600   96
83.5800   89
83.6000   67
83.6200   95
83.6400   71
83.6600   97
83.6800   90
83.7000   76
83.7200   78
83.7400   72
83.7600   107
83.7800   91
83.8000   103
83.8200   87
83.8400   82
83.8600   86
83.8800   88
83.9000   81
83.9200   96
83.9400   78
83.9600   91
83.9800   62
84.0000   92
84.0200   84
84.0400   86
84.0600   78
84.0800   76
84.1000   94
84.1200   86
84.1400   91
84.1600   86
84.1800   82
84.2000   80
84.2200   81
84.2400   83
84.2600   81
84.2800   65
84.3000   93
84.3200   78
84.3400   61
84.3600   77
84.3800   73
84.4000   79
84.4200   70
84.4400   75
84.4600   77
84.4800   82
84.5000   93
84.5200   83
84.5400   60
84.5600   75
84.5800   77
84.6000   78
84.6200   89
84.6400   89
84.6600   82
84.6800   71
84.7000   80
84.7200   83
84.7400   96
84.7600   106
84.7800   93
84.8000   97
84.8200   79
84.8400   69
84.8600   94
84.8800   99
84.9000   96
84.9200   95
84.9400   85
84.9600   95
84.9800   83
85.0000   103
85.0200   88
85.0400   92
85.0600   75
85.0800   86
85.1000   75
85.1200   68
85.1400   88
85.1600   102
85.1800   95
85.2000   99
85.2200   70
85.2400   81
85.2600   76
85.2800   93
85.3000   87
85.3200   90
85.3400   78
85.3600   88
85.3800   85
85.4000   71
85.4200   94
85.4400   83
85.4600   85
85.4800   75
85.5000   97
85.5200   75
85.5400   88
85.5600   89
85.5800   91
85.6000   74
85.6200   85
85.6400   100
85.6600   81
85.6800   73
85.7000   91
85.7200   83
85.7400   71
85.7600   89
85.7800   81
85.8000   80
85.8200   75
85.8400   81
85.8600   81
85.8800   84
85.9000   93
85.9200   95
85.9400   93
85.9600   100
85.9800   85
86.0000   72
86.0200   84
86.0400   86
86.0600   87
86.0800   83
86.1000   68
86.1200   75
86.1400   86
86.1600   72
86.1800   86
86.2000   89
86.2200   100
86.2400   81
86.2600   101
86.2800   64
86.3000   100
86.3200   93
86.3400   94
86.3600   74
86.3800   103
86.4000   89
86.4200   63
86.4400   91
86.4600   71
86.4800   76
86.5000   81
86.5200   92
86.5400   79
86.5600   93
86.5800   74
86.6000   88
86.6200   91
86.6400   79
86.6600   108
86.6800   89
86.7000   108
86.7200   83
86.7400   76
86.7600   104
86.7800   65
86.8000   91
86.8200   94
86.8400   76
86.8600   93
86.8800   80
86.9000   89
86.9200   107
86.9400   104
86.9600   95
86.9800   84
87.0000   89
87.0200   83
87.0400   76
87.0600   105
87.0800   84
87.1000   77
87.1200   95
87.1400   79
87.1600   79
87.1800   84
87.2000   84
87.2200   91
87.2400   94
87.2600   84
87.2800   81
87.3000   81
87.3200   75
87.3400   91
87.3600   94
87.3800   85
87.4000   83
87.4200   79
87.4400   74
87.4600   69
87.4800   94
87.5000   100
87.5200   95
87.5400   86
87.5600   106
87.5800   92
87.6000   69
87.6200   84
87.6400   104
87.6600   103
87.6800   87
87.7000   81
87.7200   100
87.7400   77
87.7600   86
87.7800   86
87.8000   84
87.8200   86
87.8400   70
87.8600   74
87.8800   92
87.9000   86
87.9200   90
87.9400   98
87.9600   76
87.9800   84
88.0000   83
88.0200   90
88.0400   60
88.0600   75
88.0800   79
88.1000   113
88.1200   77
88.1400   93
88.1600   87
88.1800   84
88.2000   81
88.2200   89
88.2400   103
88.2600   96
88.2800   81
88.3000   105
88.3200   86
88.3400   94
88.3600   86
88.3800   87
88.4000   90
88.4200   82
88.4400   87
88.4600   83
88.4800   96
88.5000   80
88.5200   80
88.5400   96
88.5600   82
88.5800   97
88.6000   77
88.6200   76
88.6400   79
88.6600   71
88.6800   74
88.7000   93
88.7200   86
88.7400   85
88.7600   87
88.7800   95
88.8000   84
88.8200   98
88.8400   78
88.8600   77
88.8800   94
88.9000   87
88.9200   83
88.9400   70
88.9600   75
88.9800   110
89.0000   103
89.0200   81
89.0400   88
89.0600   88
89.0800   77
89.1000   99
89.1200   105
89.1400   97
89.1600   99
89.1800   99
89.2000   102
89.2200   82
89.2400   88
89.2600   111
89.2800   91
89.3000   94
89.3200   105
89.3400   86
89.3600   99
89.3800   104
89.4000   89
89.4200   109
89.4400   97
89.4600   102
89.4800   108
89.5000   122
89.5200   132
89.5400   119
89.5600   138
89.5800   128
89.6000   123
89.6200   148
89.6400   138
89.6600   150
89.6800   168
89.7000   176
89.7200   166
89.7400   172
89.7600   207
89.7800   178
89.8000   220
89.8200   237
89.8400   274
89.8600   276
89.8800   326
89.9000   342
89.9200   335
89.9400   332
89.9600   381
89.9800   362
90.0000   373
90.0200   324
90.0400   322
90.0600   309
90.0800   268
90.1000   282
90.1200   290
90.1400   246
90.1600   245
90.1800   240
90.2000   255
90.2200   270
90.2400   255
90.2600   236
90.2800   249
90.3000   219
90.3200   207
90.3400   221
90.3600   198
90.3800   171
90.4000   182
90.4200   163
90.4400   131
90.4600   149
90.4800   153
90.5000   132
90.5200   117
90.5400   118
90.5600   143
90.5800   131
90.6000   108
90.6200   113
90.6400   97
90.6600   101
90.6800   105
90.7000   104
90.7200   89
90.7400   97
90.7600   105
90.7800   101
90.8000   107
90.8200   98
90.8400   102
90.8600   94
90.8800   114
90.9000   106
90.9200   94
90.9400   87
90.9600   74
90.9800   99
91.0000   99
91.0200   93
91.0400   98
91.0600   94
91.0800   105
91.1000   84
91.1200   93
91.1400   85
91.1600   83
91.1800   94
91.2000   96
91.2200   106
91.2400   102
91.2600   84
91.2800   104
91.3000   86
91.3200   98
91.3400   82
91.3600   80
91.3800   77
91.4000   96
91.4200   98
91.4400   81
91.4600   89
91.4800   76
91.5000   88
91.5200   89
91.5400   86
91.5600   81
91.5800   89
91.6000   84
91.6200   81
91.6400   80
91.6600   78
91.6800   72
91.7000   78
91.7200   84
91.7400   86
91.7600   104
91.7800   90
91.8000   82
91.8200   78
91.8400   70
91.8600   80
91.8800   75
91.9000   83
91.9200   96
91.9400   78
91.9600   73
91.9800   81
92.0000   88
92.0200   92
92.0400   95
92.0600   84
92.0800   78
92.1000   71
92.1200   97
92.1400   80
92.1600   86
92.1800   84
92.2000   96
92.2200   92
92.2400   96
92.2600   81
92.2800   92
92.3000   75
92.3200   84
92.3400   81
92.3600   75
92.3800   83
92.4000   87
92.4200   82
92.4400   89
92.4600   76
92.4800   105
92.5000   99
92.5200   98
92.5400   96
92.5600   86
92.5800   84
92.6000   80
92.6200   82
92.6400   86
92.6600   89
92.6800   74
92.7000   114
92.7200   83
92.7400   85
92.7600   81
92.7800   85
92.8000   101
92.8200   74
92.8400   94
92.8600   83
92.8800   88
92.9000   84
92.9200   102
92.9400   85
92.9600   79
92.9800   99
93.0000   83
93.0200   94
93.0400   79
93.0600   82
93.0800   94
93.1000   99
93.1200   103
93.1400   76
93.1600   90
93.1800   111
93.2000   91
93.2200   74
93.2400   82
93.2600   85
93.2800   87
93.3000   70
93.3200   83
93.3400   82
93.3600   90
93.3800   76
93.4000   71
93.4200   77
93.4400   83
93.4600   90
93.4800   85
93.5000   96
93.5200   91
93.5400   81
93.5600   80
93.5800   76
93.6000   98
93.6200   91
93.6400   94
93.6600   89
93.6800   87
93.7000   76
93.7200   95
93.7400   105
93.7600   75
93.7800   75
93.8000   77
93.8200   87
93.8400   100
93.8600   72
93.8800   100
93.9000   91
93.9200   79
93.9400   93
93.9600   80
93.9800   73
94.0000   80
94.0200   88
94.0400   73
94.0600   83
94.0800   89
94.1000   79
94.1200   84
94.1400   80
94.1600   83
94.1800   76
94.2000   70
94.2200   73
94.2400   105
94.2600   90
94.2800   76
94.3000   90
94.3200   104
94.3400   103
94.3600   85
94.3800   90
94.4000   102
94.4200   83
94.4400   92
94.4600   83
94.4800   88
94.5000   102
94.5200   81
94.5400   93
94.5600   92
94.5800   93
94.6000   87
94.6200   79
94.6400   101
94.6600   102
94.6800   100
94.7000   94
94.7200   105
94.7400   89
94.7600   108
94.7800   92
94.8000   104
94.8200   122
94.8400   102
94.8600   98
94.8800   113
94.9000   103
94.9200   104
94.9400   120
94.9600   108
94.9800   127
95.0000   135
95.0200   116
95.0400   151
95.0600   165
95.0800   188
95.1000   178
95.1200   216
95.1400   216
95.1600   223
95.1800   212
95.2000   237
95.2200   228
95.2400   223
95.2600   243
95.2800   206
95.3000   183
95.3200   170
95.3400   158
95.3600   160
95.3800   191
95.4000   180
95.4200   187
95.4400   181
95.4600   167
95.4800   180
95.5000   183
95.5200   160
95.5400   175
95.5600   156
95.5800   132
95.6000   147
95.6200   137
95.6400   133
95.6600   122
95.6800   118
95.7000   117
95.7200   107
95.7400   105
95.7600   119
95.7800   107
95.8000   89
95.8200   88
95.8400   104
95.8600   108
95.8800   96
95.9000   108
95.9200   91
95.9400   80
95.9600   96
95.9800   101
96.0000   79
96.0200   91
96.0400   98
96.0600   93
96.0800   79
96.1000   110
96.1200   65
96.1400   94
96.1600   98
96.1800   97
96.2000   71
96.2200   87
96.2400   86
96.2600   86
96.2800   85
96.3000   83
96.3200   89
96.3400   82
96.3600   88
96.3800   65
96.4000   105
96.4200   79
96.4400   91
96.4600   79
96.4800   86
96.5000   82
96.5200   93
96.5400   93
96.5600   91
96.5800   78
96.6000   89
96.6200   81
96.6400   74
96.6600   87
96.6800   87
96.7000   82
96.7200   92
96.7400   88
96.7600   80
96.7800   97
96.8000   76
96.8200   93
96.8400   83
96.8600   81
96.8800   91
96.9000   81
96.9200   94
96.9400   78
96.9600   70
96.9800   78
97.0000   74
97.0200   86
97.0400   81
97.0600   72
97.0800   82
97.1000   87
97.1200   75
97.1400   85
97.1600   86
97.1800   89
97.2000   80
97.2200   101
97.2400   83
97.2600   88
97.2800   80
97.3000   84
97.3200   96
97.3400   77
97.3600   96
97.3800   78
97.4000   78
97.4200   75
97.4400   76
97.4600   105
97.4800   76
97.5000   89
97.5200   89
97.5400   104
97.5600   79
97.5800   93
97.6000   73
97.6200   99
97.6400   90
97.6600   98
97.6800   86
97.7000   89
97.7200   90
97.7400   84
97.7600   77
97.7800   82
97.8000   91
97.8200   85
97.8400   88
97.8600   81
97.8800   98
97.9000   92
97.9200   80
97.9400   88
97.9600   93
97.9800   103
98.0000   84
98.0200   85
98.0400   94
98.0600   96
98.0800   86
98.1000   75
98.1200   88
98.1400   89
98.1600   70
98.1800   89
98.2000   97
98.2200   102
98.2400   89
98.2600   96
98.2800   92
98.3000   82
98.3200   92
98.3400   96
98.3600   90
98.3800   94
98.4000   107
98.4200   96
98.4400   94
98.4600   86
98.4800   78
98.5000   75
98.5200   81
98.5400   83
98.5600   79
98.5800   94
98.6000   74
98.6200   82
98.6400   67
98.6600   84
98.6800   96
98.7000   81
98.7200   88
98.7400   92
98.7600   84
98.7800   111
98.8000   77
98.8200   77
98.8400   84
98.8600   85
98.8800   92
98.9000   97
98.9200   81
98.9400   83
98.9600   87
98.9800   95
99.0000   88
99.0200   94
99.0400   84
99.0600   86
99.0800   95
99.1000   79
99.1200   80
99.1400   68
99.1600   75
99.1800   97
99.2000   85
99.2200   84
99.2400   97
99.2600   73
99.2800   82
99.3000   99
99.3200   85
99.3400   78
99.3600   81
99.3800   91
99.4000   76
99.4200   86
99.4400   75
99.4600   79
99.4800   76
99.5000   95
99.5200   80
99.5400   102
99.5600   78
99.5800   92
99.6000   87
99.6200   75
99.6400   89
99.6600   84
99.6800   82
99.7000   81
99.7200   86
99.7400   90
99.7600   60
99.7800   92
99.8000   96
99.8200   88
99.8400   87
99.8600   79
99.8800   91
99.9000   79
99.9200   74
99.9400   90
99.9600   96
99.9800   90
100.0000   94
