20.0000   7
20.0200   5
20.0400   4
20.0600   7
20.0800   4
20.1000   3
20.1200   6
20.1400   9
20.1600   6
20.1800   6
20.2000   6
20.2200   7
20.2400   6
20.2600   1
20.2800   3
20.3000   5
20.3200   1
20.3400   3
20.3600   5
20.3800   4
20.4000   6
20.4200   4
20.4400   1
20.4600   4
20.4800   7
20.5000   7
20.5200   4
20.5400   4
20.5600   7
20.5800   6
20.6000   6
20.6200   5
20.6400   8
20.6600   6
20.6800   8
20.7000   4
20.7200   5
20.7400   3
20.7600   8
20.7800   4
20.8000   3
20.8200   5
20.8400   3
20.8600   4
20.8800   3
20.9000   8
20.9200   3
20.9400   5
20.9600   2
20.9800   3
21.0000   2
21.0200   5
21.0400   2
21.0600   5
21.0800   9
21.1000   8
21.1200   5
21.1400   4
21.1600   0
21.1800   3
21.2000   6
21.2200   5
21.2400   4
21.2600   4
21.2800   2
21.3000   2
21.3200   7
21.3400   2
21.3600   4
21.3800   4
21.4000   1
21.4200   5
21.4400   5
21.4600   5
21.4800   4
21.5000   3
21.5200   9
21.5400   1
21.5600   2
21.5800   11
21.6000   3
21.6200   7
21.6400   4
21.6600   4
21.6800   3
21.7000   4
21.7200   4
21.7400   1
21.7600   2
21.7800   6
21.8000   4
21.8200   5
21.8400   3
21.8600   3
21.8800   2
21.9000   7
21.9200   2
21.9400   6
21.9600   4
21.9800   4
22.0000   2
22.0200   5
22.0400   5
22.0600   11
22.0800   3
22.1000   9
22.1200   8
22.1400   4
22.1600   5
22.1800   4
22.2000   1
22.2200   2
22.2400   5
22.2600   2
22.2800   1
22.3000   6
22.3200   7
22.3400   2
22.3600   7
22.3800   2
22.4000   3
22.4200   3
22.4400   2
22.4600   6
22.4800   3
22.5000   6
22.5200   5
22.5400   6
22.5600   1
22.5800   2
22.6000   0
22.6200   2
22.6400   2
22.6600   7
22.6800   4
22.7000   7
22.7200   1
22.7400   3
22.7600   4
22.7800   3
22.8000   3
22.8200   4
22.8400   6
22.8600   4
22.8800   4
22.9000   2
22.9200   1
22.9400   7
22.9600   5
22.9800   3
23.0000   3
23.0200   5
23.0400   5
23.0600   2
23.0800   3
23.1000   1
23.1200   0
23.1400   2
23.1600   5
23.1800   2
23.2000   3
23.2200   2
23.2400   2
23.2600   4
23.2800   5
23.3000   4
23.3200   2
23.3400   5
23.3600   0
23.3800   3
23.4000   2
23.4200   4
23.4400   5
23.4600   0
23.4800   4
23.5000   2
23.5200   3
23.5400   2
23.5600   7
23.5800   2
23.6000   2
23.6200   4
23.6400   3
23.6600   4
23.6800   2
23.7000   3
23.7200   3
23.7400   5
23.7600   3
23.7800   6
23.8000   2
23.8200   3
23.8400   5
23.8600   3
23.8800   4
23.9000   3
23.9200   3
23.9400   4
23.9600   5
23.9800   5
24.0000   6
24.0200   7
24.0400   5
24.0600   4
24.0800   1
24.1000   3
24.1200   5
24.1400   2
24.1600   4
24.1800   2
24.2000   2
24.2200   1
24.2400   4
24.2600   2
24.2800   5
24.3000   3
24.3200   3
24.3400   3
24.3600   1
24.3800   2
24.4000   4
24.4200   1
24.4400   4
24.4600   4
24.4800   2
24.5000   2
24.5200   2
24.5400   2
24.5600   9
24.5800   2
24.6000   4
24.6200   2
24.6400   1
24.6600   1
24.6800   4
24.7000   2
24.7200   4
24.7400   3
24.7600   4
24.7800   4
24.8000   3
24.8200   6
24.8400   1
24.8600   4
24.8800   2
24.9000   1
24.9200   4
24.9400   4
24.9600   2
24.9800   1
25.0000   1
25.0200   4
25.0400   3
25.0600   2
25.0800   2
25.1000   2
25.1200   5
25.1400   6
25.1600   4
25.1800   5
25.2000   1
25.2200   2
25.2400   2
25.2600   4
25.2800   4
25.3000   4
25.3200   5
25.3400   1
25.3600   2
25.3800   7
25.4000   1
25.4200   4
25.4400   2
25.4600   3
25.4800   3
25.5000   2
25.5200   0
25.5400   1
25.5600   3
25.5800   3
25.6000   5
25.6200   0
25.6400   2
25.6600   1
25.6800   2
25.7000   2
25.7200   4
25.7400   4
25.7600   1
25.7800   4
25.8000   2
25.8200   1
25.8400   3
25.8600   4
25.8800   2
25.9000   2
25.9200   5
25.9400   1
25.9600   1
25.9800   2
26.0000   4
26.0200   3
26.0400   3
26.0600   3
26.0800   2
26.1000   0
26.1200   3
26.1400   4
26.1600   1
26.1800   0
26.2000   3
26.2200   1
26.2400   1
26.2600   1
26.2800   3
26.3000   3
26.3200   1
26.3400   3
26.3600   3
26.3800   4
26.4000   6
26.4200   8
26.4400   4
26.4600   3
26.4800   2
26.5000   6
26.5200   1
26.5400   3
26.5600   2
26.5800   2
26.6000   3
26.6200   3
26.6400   2
26.6600   4
26.6800   1
26.7000   3
26.7200   4
26.7400   4
26.7600   0
26.7800   2
26.8000   0
26.8200   2
26.8400   4
26.8600   0
26.8800   2
26.9000   1
26.9200   3
26.9400   1
26.9600   2
26.9800   1
27.0000   7
27.0200   5
27.0400   5
27.0600   4
27.0800   1
27.1000   2
27.1200   3
27.1400   1
27.1600   1
27.1800   2
27.2000   5
27.2200   5
27.2400   3
27.2600   2
27.2800   2
27.3000   2
27.3200   3
27.3400   1
27.3600   2
27.3800   3
27.4000   3
27.4200   3
27.4400   2
27.4600   3
27.4800   5
27.5000   0
27.5200   2
27.5400   2
27.5600   3
27.5800   3
27.6000   2
27.6200   4
27.6400   4
27.6600   2
27.6800   1
27.7000   4
27.7200   2
27.7400   3
27.7600   2
27.7800   0
27.8000   2
27.8200   5
27.8400   2
27.8600   3
27.8800   3
27.9000   2
27.9200   3
27.9400   6
27.9600   1
27.9800   3
28.0000   2
28.0200   2
28.0400   0
28.0600   3
28.0800   2
28.1000   3
28.1200   2
28.1400   2
28.1600   3
28.1800   1
28.2000   3
28.2200   0
28.2400   0
28.2600   0
28.2800   2
28.3000   2
28.3200   3
28.3400   3
28.3600   0
28.3800   1
28.4000   4
28.4200   5
28.4400   1
28.4600   2
28.4800   3
28.5000   3
28.5200   2
28.5400   3
28.5600   4
28.5800   3
28.6000   2
28.6200   0
28.6400   4
28.6600   2
28.6800   2
28.7000   1
28.7200   3
28.7400   1
28.7600   2
28.7800   0
28.8000   1
28.8200   2
28.8400   1
28.8600   5
28.8800   2
28.9000   1
28.9200   4
28.9400   5
28.9600   2
28.9800   3
29.0000   1
29.0200   1
29.0400   1
29.0600   2
29.0800   3
29.1000   3
29.1200   6
29.1400   2
29.1600   1
29.1800   0
29.2000   6
29.2200   1
29.2400   1
29.2600   2
29.2800   1
29.3000   1
29.3200   3
29.3400   2
29.3600   3
29.3800   0
29.4000   0
29.4200   2
29.4400   3
29.4600   2
29.4800   0
29.5000   2
29.5200   1
29.5400   1
29.5600   2
29.5800   1
29.6000   4
29.6200   2
29.6400   2
29.6600   2
29.6800   0
29.7000   4
29.7200   3
29.7400   1
29.7600   1
29.7800   4
29.8000   0
29.8200   3
29.8400   0
29.8600   1
29.8800   1
29.9000   2
29.9200   6
29.9400   1
29.9600   2
29.9800   2
30.0000   2
30.0200   2
30.0400   0
30.0600   0
30.0800   4
30.1000   3
30.1200   3
30.1400   1
30.1600   0
30.1800   6
30.2000   2
30.2200   2
30.2400   1
30.2600   5
30.2800   1
30.3000   2
30.3200   0
30.3400   1
30.3600   4
30.3800   2
30.4000   0
30.4200   3
30.4400   2
30.4600   1
30.4800   0
30.5000   2
30.5200   0
30.5400   1
30.5600   0
30.5800   3
30.6000   0
30.6200   1
30.6400   2
30.6600   1
30.6800   0
30.7000   1
30.7200   2
30.7400   1
30.7600   1
30.7800   1
30.8000   0
30.8200   3
30.8400   1
30.8600   1
30.8800   3
30.9000   1
30.9200   1
30.9400   0
30.9600   1
30.9800   4
31.0000   0
31.0200   2
31.0400   2
31.0600   0
31.0800   2
31.1000   3
31.1200   1
31.1400   1
31.1600   0
31.1800   1
31.2000   3
31.2200   0
31.2400   1
31.2600   4
31.2800   3
31.3000   1
31.3200   3
31.3400   2
31.3600   0
31.3800   0
31.4000   0
31.4200   1
31.4400   0
31.4600   0
31.4800   2
31.5000   2
31.5200   0
31.5400   4
31.5600   3
31.5800   1
31.6000   1
31.6200   1
31.6400   3
31.6600   2
31.6800   1
31.7000   0
31.7200   1
31.7400   3
31.7600   0
31.7800   3
31.8000   1
31.8200   1
31.8400   1
31.8600   1
31.8800   2
31.9000   1
31.9200   3
31.9400   1
31.9600   2
31.9800   2
32.0000   1
32.0200   0
32.0400   2
32.0600   1
32.0800   2
32.1000   1
32.1200   2
32.1400   1
32.1600   2
32.1800   1
32.2000   1
32.2200   1
32.2400   2
32.2600   4
32.2800   2
32.3000   0
32.3200   1
32.3400   3
32.3600   1
32.3800   2
32.4000   1
32.4200   0
32.4400   1
32.4600   3
32.4800   1
32.5000   1
32.5200   1
32.5400   2
32.5600   2
32.5800   1
32.6000   2
32.6200   2
32.6400   0
32.6600   0
32.6800   1
32.7000   3
32.7200   0
32.7400   0
32.7600   3
32.7800   1
32.8000   0
32.8200   0
32.8400   2
32.8600   1
32.8800   0
32.9000   1
32.9200   2
32.9400   1
32.9600   2
32.9800   4
33.0000   1
33.0200   1
33.0400   3
33.0600   0
33.0800   1
33.1000   2
33.1200   1
33.1400   0
33.1600   2
33.1800   6
33.2000   4
33.2200   1
33.2400   2
33.2600   1
33.2800   2
33.3000   1
33.3200   1
33.3400   2
33.3600   2
33.3800   2
33.4000   2
33.4200   1
33.4400   2
33.4600   2
33.4800   3
33.5000   3
33.5200   1
33.5400   0
33.5600   4
33.5800   2
33.6000   1
33.6200   3
33.6400   2
33.6600   3
33.6800   0
33.7000   0
33.7200   1
33.7400   2
33.7600   0
33.7800   2
33.8000   1
33.8200   1
33.8400   4
33.8600   3
33.8800   0
33.9000   2
33.9200   0
33.9400   0
33.9600   3
33.9800   0
34.0000   2
34.0200   1
34.0400   2
34.0600   1
34.0800   2
34.1000   4
34.1200   2
34.1400   1
34.1600   0
34.1800   2
34.2000   0
34.2200   3
34.2400   0
34.2600   2
34.2800   2
34.3000   1
34.3200   2
34.3400   0
34.3600   1
34.3800   2
34.4000   0
34.4200   3
34.4400   2
34.4600   1
34.4800   1
34.5000   1
34.5200   2
34.5400   2
34.5600   1
34.5800   0
34.6000   2
34.6200   1
34.6400   0
34.6600   2
34.6800   0
34.7000   0
34.7200   0
34.7400   1
34.7600   1
34.7800   0
34.8000   1
34.8200   0
34.8400   6
34.8600   0
34.8800   0
34.9000   2
34.9200   2
34.9400   2
34.9600   2
34.9800   1
35.0000   0
35.0200   1
35.0400   0
35.0600   0
35.0800   2
35.1000   2
35.1200   2
35.1400   2
35.1600   1
35.1800   1
35.2000   0
35.2200   0
35.2400   0
35.2600   0
35.2800   2
35.3000   1
35.3200   1
35.3400   1
35.3600   0
35.3800   2
35.4000   1
35.4200   4
35.4400   5
35.4600   3
35.4800   2
35.5000   0
35.5200   0
35.5400   2
35.5600   1
35.5800   3
35.6000   0
35.6200   1
35.6400   1
35.6600   0
35.6800   1
35.7000   0
35.7200   1
35.7400   3
35.7600   2
35.7800   2
35.8000   1
35.8200   1
35.8400   2
35.8600   1
35.8800   1
35.9000   1
35.9200   3
35.9400   1
35.9600   2
35.9800   1
36.0000   2
36.0200   3
36.0400   1
36.0600   0
36.0800   3
36.1000   0
36.1200   0
36.1400   1
36.1600   1
36.1800   1
36.2000   2
36.2200   2
36.2400   1
36.2600   2
36.2800   1
36.3000   0
36.3200   0
36.3400   0
36.3600   2
36.3800   1
36.4000   0
36.4200   2
36.4400   2
36.4600   2
36.4800   1
36.5000   0
36.5200   0
36.5400   2
36.5600   2
36.5800   0
36.6000   0
36.6200   1
36.6400   2
36.6600   0
36.6800   1
36.7000   4
36.7200   0
36.7400   0
36.7600   1
36.7800   2
36.8000   1
36.8200   1
36.8400   1
36.8600   0
36.8800   4
36.9000   1
36.9200   0
36.9400   1
36.9600   0
36.9800   2
37.0000   2
37.0200   1
37.0400   1
37.0600   1
37.0800   1
37.1000   2
37.1200   2
37.1400   2
37.1600   0
37.1800   1
37.2000   1
37.2200   1
37.2400   1
37.2600   2
37.2800   1
37.3000   1
37.3200   2
37.3400   1
37.3600   1
37.3800   1
37.4000   1
37.4200   0
37.4400   0
37.4600   1
37.4800   3
37.5000   1
37.5200   0
37.5400   1
37.5600   3
37.5800   1
37.6000   0
37.6200   3
37.6400   1
37.6600   2
37.6800   1
37.7000   3
37.7200   3
37.7400   4
37.7600   1
37.7800   2
37.8000   3
37.8200   1
37.8400   3
37.8600   2
37.8800   2
37.9000   1
37.9200   1
37.9400   3
37.9600   1
37.9800   2
38.0000   2
38.0200   5
38.0400   0
38.0600   3
38.0800   3
38.1000   2
38.1200   0
38.1400   8
38.1600   12
38.1800   13
38.2000   18
38.2200   19
38.2400   33
38.2600   43
38.2800   69
38.3000   81
38.3200   106
38.3400   84
38.3600   90
38.3800   100
38.4000   85
38.4200   48
38.4400   66
38.4600   50
38.4800   31
38.5000   21
38.5200   13
38.5400   10
38.5600   11
38.5800   8
38.6000   2
38.6200   3
38.6400   4
38.6600   4
38.6800   4
38.7000   3
38.7200   2
38.7400   4
38.7600   4
38.7800   4
38.8000   0
38.8200   2
38.8400   0
38.8600   2
38.8800   2
38.9000   1
38.9200   1
38.9400   1
38.9600   1
38.9800   1
39.0000   2
39.0200   1
39.0400   0
39.0600   1
39.0800   0
39.1000   2
39.1200   0
39.1400   0
39.1600   1
39.1800   0
39.2000   1
39.2200   0
39.2400   0
39.2600   1
39.2800   2
39.3000   3
39.3200   1
39.3400   0
39.3600   1
39.3800   1
39.4000   2
39.4200   0
39.4400   1
39.4600   0
39.4800   1
39.5000   2
39.5200   1
39.5400   0
39.5600   0
39.5800   1
39.6000   0
39.6200   0
39.6400   2
39.6600   2
39.6800   2
39.7000   0
39.7200   2
39.7400   0
39.7600   1
39.7800   1
39.8000   0
39.8200   0
39.8400   2
39.8600   1
39.8800   2
39.9000   2
39.9200   0
39.9400   1
39.9600   0
39.9800   1
40.0000   0
40.0200   0
40.0400   1
40.0600   2
40.0800   1
40.1000   1
40.1200   2
40.1400   2
40.1600   0
40.1800   0
40.2000   2
40.2200   0
40.2400   0
40.2600   1
40.2800   0
40.3000   1
40.3200   0
40.3400   0
40.3600   1
40.3800   0
40.4000   0
40.4200   0
40.4400   0
40.4600   1
40.4800   0
40.5000   0
40.5200   1
40.5400   1
40.5600   0
40.5800   0
40.6000   0
40.6200   5
40.6400   0
40.6600   1
40.6800   0
40.7000   0
40.7200   0
40.7400   0
40.7600   0
40.7800   1
40.8000   0
40.8200   1
40.8400   0
40.8600   0
40.8800   2
40.9000   2
40.9200   1
40.9400   2
40.9600   0
40.9800   0
41.0000   0
41.0200   0
41.0400   1
41.0600   1
41.0800   1
41.1000   0
41.1200   2
41.1400   2
41.1600   0
41.1800   1
41.2000   1
41.2200   1
41.2400   0
41.2600   0
41.2800   0
41.3000   0
41.3200   3
41.3400   2
41.3600   0
41.3800   1
41.4000   3
41.4200   3
41.4400   1
41.4600   2
41.4800   0
41.5000   1
41.5200   1
41.5400   1
41.5600   0
41.5800   1
41.6000   0
41.6200   0
41.6400   1
41.6600   2
41.6800   0
41.7000   3
41.7200   2
41.7400   0
41.7600   0
41.7800   2
41.8000   2
41.8200   0
41.8400   0
41.8600   0
41.8800   0
41.9000   1
41.9200   0
41.9400   2
41.9600   0
41.9800   0
42.0000   1
42.0200   2
42.0400   0
42.0600   1
42.0800   0
42.1000   2
42.1200   1
42.1400   0
42.1600   1
42.1800   0
42.2000   0
42.2200   0
42.2400   0
42.2600   1
42.2800   0
42.3000   0
42.3200   1
42.3400   1
42.3600   1
42.3800   1
42.4000   0
42.4200   1
42.4400   0
42.4600   1
42.4800   1
42.5000   0
42.5200   1
42.5400   0
42.5600   0
42.5800   1
42.6000   0
42.6200   1
42.6400   0
42.6600   1
42.6800   2
42.7000   0
42.7200   0
42.7400   2
42.7600   1
42.7800   0
42.8000   0
42.8200   3
42.8400   0
42.8600   1
42.8800   1
42.9000   0
42.9200   1
42.9400   1
42.9600   0
42.9800   0
43.0000   1
43.0200   3
43.0400   1
43.0600   0
43.0800   0
43.1000   0
43.1200   0
43.1400   3
43.1600   2
43.1800   1
43.2000   1
43.2200   0
43.2400   0
43.2600   0
43.2800   1
43.3000   0
43.3200   2
43.3400   0
43.3600   0
43.3800   1
43.4000   1
43.4200   2
43.4400   0
43.4600   1
43.4800   0
43.5000   1
43.5200   2
43.5400   1
43.5600   2
43.5800   2
43.6000   1
43.6200   2
43.6400   1
43.6600   0
43.6800   1
43.7000   0
43.7200   1
43.7400   0
43.7600   1
43.7800   1
43.8000   2
43.8200   2
43.8400   0
43.8600   0
43.8800   1
43.9000   0
43.9200   0
43.9400   0
43.9600   0
43.9800   0
44.0000   1
44.0200   0
44.0400   2
44.0600   1
44.0800   2
44.1000   1
44.1200   0
44.1400   2
44.1600   0
44.1800   0
44.2000   2
44.2200   2
44.2400   0
44.2600   0
44.2800   1
44.3000   1
44.3200   3
44.3400   2
44.3600   1
44.3800   4
44.4000   1
44.4200   4
44.4400   5
44.4600   1
44.4800   7
44.5000   8
44.5200   11
44.5400   17
44.5600   13
44.5800   25
44.6000   11
44.6200   15
44.6400   11
44.6600   7
44.6800   8
44.7000   9
44.7200   5
44.7400   9
44.7600   12
44.7800   3
44.8000   4
44.8200   3
44.8400   1
44.8600   1
44.8800   1
44.9000   1
44.9200   1
44.9400   5
44.9600   1
44.9800   1
45.0000   1
45.0200   2
45.0400   0
45.0600   3
45.0800   0
45.1000   0
45.1200   0
45.1400   1
45.1600   0
45.1800   2
45.2000   0
45.2200   0
45.2400   1
45.2600   0
45.2800   2
45.3000   1
45.3200   1
45.3400   0
45.3600   2
45.3800   0
45.4000   0
45.4200   2
45.4400   1
45.4600   0
45.4800   0
45.5000   0
45.5200   0
45.5400   1
45.5600   0
45.5800   1
45.6000   0
45.6200   1
45.6400   1
45.6600   0
45.6800   0
45.7000   2
45.7200   1
45.7400   0
45.7600   0
45.7800   0
45.8000   0
45.8200   1
45.8400   0
45.8600   0
45.8800   0
45.9000   0
45.9200   0
45.9400   1
45.9600   0
45.9800   1
46.0000   0
46.0200   0
46.0400   0
46.0600   0
46.0800   0
46.1000   3
46.1200   2
46.1400   0
46.1600   1
46.1800   0
46.2000   0
46.2200   0
46.2400   1
46.2600   0
46.2800   0
46.3000   0
46.3200   1
46.3400   0
46.3600   0
46.3800   0
46.4000   1
46.4200   0
46.4400   2
46.4600   1
46.4800   0
46.5000   0
46.5200   0
46.5400   0
46.5600   1
46.5800   0
46.6000   0
46.6200   0
46.6400   0
46.6600   0
46.6800   0
46.7000   0
46.7200   0
46.7400   2
46.7600   0
46.7800   0
46.8000   1
46.8200   1
46.8400   0
46.8600   0
46.8800   0
46.9000   2
46.9200   1
46.9400   0
46.9600   0
46.9800   2
47.0000   0
47.0200   0
47.0400   2
47.0600   2
47.0800   0
47.1000   0
47.1200   0
47.1400   1
47.1600   0
47.1800   1
47.2000   1
47.2200   0
47.2400   0
47.2600   0
47.2800   0
47.3000   1
47.3200   0
47.3400   1
47.3600   2
47.3800   0
47.4000   1
47.4200   2
47.4400   0
47.4600   0
47.4800   0
47.5000   0
47.5200   1
47.5400   0
47.5600   2
47.5800   0
47.6000   1
47.6200   0
47.6400   0
47.6600   1
47.6800   1
47.7000   0
47.7200   0
47.7400   0
47.7600   2
47.7800   1
47.8000   0
47.8200   0
47.8400   1
47.8600   1
47.8800   0
47.9000   0
47.9200   0
47.9400   0
47.9600   0
47.9800   0
48.0000   0
48.0200   0
48.0400   0
48.0600   1
48.0800   1
48.1000   0
48.1200   1
48.1400   0
48.1600   0
48.1800   0
48.2000   1
48.2200   0
48.2400   0
48.2600   1
48.2800   0
48.3000   1
48.3200   0
48.3400   0
48.3600   0
48.3800   1
48.4000   0
48.4200   0
48.4400   2
48.4600   0
48.4800   1
48.5000   1
48.5200   0
48.5400   1
48.5600   0
48.5800   0
48.6000   1
48.6200   0
48.6400   0
48.6600   1
48.6800   0
48.7000   0
48.7200   2
48.7400   0
48.7600   0
48.7800   1
48.8000   0
48.8200   0
48.8400   1
48.8600   0
48.8800   0
48.9000   0
48.9200   0
48.9400   2
48.9600   0
48.9800   1
49.0000   2
49.0200   0
49.0400   1
49.0600   0
49.0800   0
49.1000   0
49.1200   0
49.1400   0
49.1600   1
49.1800   1
49.2000   0
49.2200   0
49.2400   0
49.2600   0
49.2800   1
49.3000   1
49.3200   0
49.3400   0
49.3600   0
49.3800   3
49.4000   0
49.4200   1
49.4400   1
49.4600   0
49.4800   1
49.5000   0
49.5200   0
49.5400   0
49.5600   2
49.5800   0
49.6000   0
49.6200   1
49.6400   0
49.6600   0
49.6800   1
49.7000   2
49.7200   1
49.7400   2
49.7600   0
49.7800   0
49.8000   0
49.8200   1
49.8400   2
49.8600   0
49.8800   1
49.9000   0
49.9200   0
49.9400   1
49.9600   0
49.9800   1
50.0000   0
50.0200   0
50.0400   0
50.0600   0
50.0800   1
50.1000   0
50.1200   0
50.1400   0
50.1600   0
50.1800   1
50.2000   0
50.2200   1
50.2400   0
50.2600   1
50.2800   1
50.3000   1
50.3200   1
50.3400   1
50.3600   1
50.3800   0
50.4000   1
50.4200   1
50.4400   1
50.4600   0
50.4800   0
50.5000   0
50.5200   0
50.5400   0
50.5600   0
50.5800   0
50.6000   1
50.6200   0
50.6400   1
50.6600   0
50.6800   0
50.7000   0
50.7200   1
50.7400   0
50.7600   1
50.7800   1
50.8000   1
50.8200   2
50.8400   0
50.8600   1
50.8800   0
50.9000   0
50.9200   0
50.9400   1
50.9600   2
50.9800   0
51.0000   2
51.0200   0
51.0400   1
51.0600   2
51.0800   1
51.1000   0
51.1200   0
51.1400   0
51.1600   1
51.1800   0
51.2000   0
51.2200   0
51.2400   0
51.2600   2
51.2800   0
51.3000   0
51.3200   1
51.3400   1
51.3600   0
51.3800   0
51.4000   0
51.4200   0
51.4400   0
51.4600   0
51.4800   0
51.5000   1
51.5200   0
51.5400   2
51.5600   0
51.5800   0
51.6000   0
51.6200   0
51.6400   1
51.6600   2
51.6800   0
51.7000   1
51.7200   0
51.7400   0
51.7600   1
51.7800   0
51.8000   0
51.8200   1
51.8400   0
51.8600   1
51.8800   1
51.9000   0
51.9200   0
51.9400   1
51.9600   1
51.9800   0
52.0000   0
52.0200   0
52.0400   1
52.0600   1
52.0800   0
52.1000   0
52.1200   0
52.1400   1
52.1600   0
52.1800   0
52.2000   0
52.2200   0
52.2400   1
52.2600   0
52.2800   0
52.3000   1
52.3200   0
52.3400   0
52.3600   0
52.3800   1
52.4000   1
52.4200   0
52.4400   0
52.4600   0
52.4800   0
52.5000   0
52.5200   0
52.5400   2
52.5600   0
52.5800   0
52.6000   0
52.6200   0
52.6400   0
52.6600   0
52.6800   0
52.7000   0
52.7200   0
52.7400   0
52.7600   1
52.7800   0
52.8000   0
52.8200   1
52.8400   0
52.8600   0
52.8800   0
52.9000   0
52.9200   0
52.9400   0
52.9600   1
52.9800   1
53.0000   0
53.0200   1
53.0400   1
53.0600   1
53.0800   0
53.1000   1
53.1200   0
53.1400   0
53.1600   2
53.1800   1
53.2000   0
53.2200   0
53.2400   0
53.2600   0
53.2800   0
53.3000   1
53.3200   0
53.3400   1
53.3600   0
53.3800   1
53.4000   1
53.4200   1
53.4400   1
53.4600   0
53.4800   0
53.5000   1
53.5200   0
53.5400   0
53.5600   0
53.5800   0
53.6000   0
53.6200   0
53.6400   1
53.6600   0
53.6800   0
53.7000   1
53.7200   0
53.7400   0
53.7600   1
53.7800   0
53.8000   1
53.8200   0
53.8400   1
53.8600   0
53.8800   0
53.9000   1
53.9200   1
53.9400   0
53.9600   0
53.9800   0
54.0000   1
54.0200   0
54.0400   0
54.0600   0
54.0800   0
54.1000   0
54.1200   0
54.1400   0
54.1600   0
54.1800   0
54.2000   0
54.2200   1
54.2400   0
54.2600   1
54.2800   0
54.3000   0
54.3200   0
54.3400   0
54.3600   0
54.3800   1
54.4000   0
54.4200   0
54.4400   0
54.4600   0
54.4800   0
54.5000   0
54.5200   0
54.5400   0
54.5600   1
54.5800   1
54.6000   0
54.6200   0
54.6400   1
54.6600   1
54.6800   1
54.7000   0
54.7200   0
54.7400   2
54.7600   0
54.7800   0
54.8000   0
54.8200   0
54.8400   0
54.8600   0
54.8800   1
54.9000   0
54.9200   0
54.9400   1
54.9600   1
54.9800   0
55.0000   1
55.0200   1
55.0400   0
55.0600   1
55.0800   0
55.1000   0
55.1200   1
55.1400   1
55.1600   0
55.1800   0
55.2000   1
55.2200   0
55.2400   1
55.2600   0
55.2800   0
55.3000   0
55.3200   0
55.3400   0
55.3600   0
55.3800   0
55.4000   1
55.4200   0
55.4400   0
55.4600   0
55.4800   1
55.5000   1
55.5200   0
55.5400   0
55.5600   0
55.5800   1
55.6000   1
55.6200   0
55.6400   0
55.6600   0
55.6800   0
55.7000   1
55.7200   1
55.7400   0
55.7600   0
55.7800   0
55.8000   0
55.8200   1
55.8400   0
55.8600   0
55.8800   0
55.9000   0
55.9200   0
55.9400   0
55.9600   0
55.9800   0
56.0000   1
56.0200   0
56.0400   0
56.0600   1
56.0800   0
56.1000   0
56.1200   0
56.1400   1
56.1600   0
56.1800   0
56.2000   0
56.2200   1
56.2400   0
56.2600   0
56.2800   0
56.3000   0
56.3200   0
56.3400   0
56.3600   0
56.3800   1
56.4000   0
56.4200   0
56.4400   1
56.4600   1
56.4800   0
56.5000   0
56.5200   0
56.5400   0
56.5600   1
56.5800   0
56.6000   0
56.6200   0
56.6400   0
56.6600   0
56.6800   0
56.7000   1
56.7200   1
56.7400   1
56.7600   0
56.7800   1
56.8000   0
56.8200   0
56.8400   0
56.8600   0
56.8800   1
56.9000   0
56.9200   0
56.9400   0
56.9600   0
56.9800   0
57.0000   0
57.0200   0
57.0400   0
57.0600   0
57.0800   0
57.1000   0
57.1200   0
57.1400   0
57.1600   1
57.1800   1
57.2000   0
57.2200   1
57.2400   0
57.2600   0
57.2800   0
57.3000   0
57.3200   0
57.3400   2
57.3600   1
57.3800   0
57.4000   1
57.4200   0
57.4400   0
57.4600   0
57.4800   0
57.5000   0
57.5200   0
57.5400   0
57.5600   0
57.5800   0
57.6000   0
57.6200   0
57.6400   0
57.6600   0
57.6800   0
57.7000   0
57.7200   1
57.7400   1
57.7600   0
57.7800   0
57.8000   0
57.8200   0
57.8400   0
57.8600   0
57.8800   0
57.9000   0
57.9200   1
57.9400   2
57.9600   0
57.9800   2
58.0000   0
58.0200   0
58.0400   0
58.0600   0
58.0800   0
58.1000   1
58.1200   0
58.1400   1
58.1600   0
58.1800   1
58.2000   0
58.2200   0
58.2400   0
58.2600   1
58.2800   0
58.3000   0
58.3200   0
58.3400   1
58.3600   0
58.3800   1
58.4000   1
58.4200   0
58.4400   2
58.4600   0
58.4800   1
58.5000   0
58.5200   0
58.5400   0
58.5600   1
58.5800   1
58.6000   0
58.6200   1
58.6400   0
58.6600   0
58.6800   0
58.7000   0
58.7200   0
58.7400   1
58.7600   1
58.7800   0
58.8000   0
58.8200   1
58.8400   0
58.8600   0
58.8800   0
58.9000   0
58.9200   1
58.9400   1
58.9600   0
58.9800   0
59.0000   0
59.0200   0
59.0400   0
59.0600   0
59.0800   1
59.1000   0
59.1200   0
59.1400   0
59.1600   1
59.1800   0
59.2000   0
59.2200   0
59.2400   0
59.2600   0
59.2800   0
59.3000   0
59.3200   0
59.3400   0
59.3600   0
59.3800   2
59.4000   0
59.4200   0
59.4400   1
59.4600   0
59.4800   0
59.5000   0
59.5200   1
59.5400   0
59.5600   0
59.5800   1
59.6000   0
59.6200   0
59.6400   0
59.6600   1
59.6800   0
59.7000   1
59.7200   0
59.7400   0
59.7600   0
59.7800   0
59.8000   1
59.8200   0
59.8400   0
59.8600   0
59.8800   0
59.9000   0
59.9200   1
59.9400   1
59.9600   0
59.9800   2
60.0000   1
60.0200   0
60.0400   1
60.0600   0
60.0800   0
60.1000   0
60.1200   0
60.1400   1
60.1600   1
60.1800   0
60.2000   1
60.2200   0
60.2400   0
60.2600   0
60.2800   0
60.3000   1
60.3200   0
60.3400   0
60.3600   0
60.3800   1
60.4000   0
60.4200   0
60.4400   0
60.4600   1
60.4800   0
60.5000   0
60.5200   0
60.5400   0
60.5600   0
60.5800   0
60.6000   1
60.6200   0
60.6400   0
60.6600   0
60.6800   0
60.7000   0
60.7200   1
60.7400   1
60.7600   0
60.7800   1
60.8000   2
60.8200   0
60.8400   0
60.8600   0
60.8800   0
60.9000   0
60.9200   0
60.9400   0
60.9600   0
60.9800   0
61.0000   0
61.0200   0
61.0400   0
61.0600   0
61.0800   0
61.1000   2
61.1200   1
61.1400   1
61.1600   0
61.1800   0
61.2000   0
61.2200   0
61.2400   0
61.2600   1
61.2800   0
61.3000   0
61.3200   0
61.3400   1
61.3600   0
61.3800   2
61.4000   0
61.4200   0
61.4400   0
61.4600   0
61.4800   0
61.5000   0
61.5200   0
61.5400   0
61.5600   0
61.5800   0
61.6000   1
61.6200   0
61.6400   0
61.6600   0
61.6800   0
61.7000   0
61.7200   0
61.7400   0
61.7600   1
61.7800   0
61.8000   0
61.8200   0
61.8400   0
61.8600   0
61.8800   0
61.9000   0
61.9200   0
61.9400   0
61.9600   0
61.9800   0
62.0000   0
62.0200   0
62.0400   0
62.0600   1
62.0800   0
62.1000   0
62.1200   0
62.1400   0
62.1600   0
62.1800   0
62.2000   0
62.2200   1
62.2400   1
62.2600   0
62.2800   0
62.3000   1
62.3200   0
62.3400   0
62.3600   1
62.3800   0
62.4000   1
62.4200   0
62.4400   0
62.4600   0
62.4800   0
62.5000   0
62.5200   0
62.5400   1
62.5600   0
62.5800   1
62.6000   1
62.6200   0
62.6400   0
62.6600   1
62.6800   1
62.7000   1
62.7200   1
62.7400   0
62.7600   0
62.7800   0
62.8000   0
62.8200   0
62.8400   0
62.8600   0
62.8800   0
62.9000   0
62.9200   0
62.9400   0
62.9600   0
62.9800   0
63.0000   0
63.0200   0
63.0400   0
63.0600   0
63.0800   0
63.1000   0
63.1200   0
63.1400   0
63.1600   1
63.1800   0
63.2000   0
63.2200   0
63.2400   0
63.2600   0
63.2800   0
63.3000   0
63.3200   0
63.3400   0
63.3600   0
63.3800   0
63.4000   1
63.4200   1
63.4400   0
63.4600   0
63.4800   0
63.5000   0
63.5200   1
63.5400   0
63.5600   0
63.5800   0
63.6000   1
63.6200   0
63.6400   0
63.6600   0
63.6800   1
63.7000   0
63.7200   0
63.7400   0
63.7600   0
63.7800   0
63.8000   0
63.8200   1
63.8400   0
63.8600   1
63.8800   1
63.9000   0
63.9200   0
63.9400   0
63.9600   1
63.9800   0
64.0000   0
64.0200   1
64.0400   0
64.0600   0
64.0800   0
64.1000   0
64.1200   0
64.1400   0
64.1600   0
64.1800   0
64.2000   0
64.2200   1
64.2400   1
64.2600   1
64.2800   0
64.3000   0
64.3200   0
64.3400   0
64.3600   1
64.3800   0
64.4000   1
64.4200   1
64.4400   0
64.4600   0
64.4800   1
64.5000   3
64.5200   0
64.5400   0
64.5600   1
64.5800   0
64.6000   0
64.6200   0
64.6400   0
64.6600   0
64.6800   1
64.7000   0
64.7200   0
64.7400   0
64.7600   1
64.7800   0
64.8000   0
64.8200   0
64.8400   0
64.8600   0
64.8800   0
64.9000   0
64.9200   0
64.9400   0
64.9600   0
64.9800   1
65.0000   1
65.0200   0
65.0400   0
65.0600   0
65.0800   0
65.1000   0
65.1200   0
65.1400   0
65.1600   0
65.1800   1
65.2000   0
65.2200   0
65.2400   0
65.2600   0
65.2800   0
65.3000   0
65.3200   0
65.3400   0
65.3600   0
65.3800   1
65.4000   0
65.4200   0
65.4400   0
65.4600   0
65.4800   0
65.5000   0
65.5200   1
65.5400   0
65.5600   0
65.5800   0
65.6000   0
65.6200   0
65.6400   1
65.6600   1
65.6800   1
65.7000   0
65.7200   2
65.7400   0
65.7600   0
65.7800   1
65.8000   0
65.8200   1
65.8400   0
65.8600   0
65.8800   0
65.9000   0
65.9200   0
65.9400   0
65.9600   0
65.9800   0
66.0000   0
66.0200   1
66.0400   1
66.0600   0
66.0800   0
66.1000   0
66.1200   0
66.1400   0
66.1600   0
66.1800   0
66.2000   0
66.2200   0
66.2400   0
66.2600   0
66.2800   0
66.3000   1
66.3200   1
66.3400   0
66.3600   0
66.3800   0
66.4000   1
66.4200   0
66.4400   0
66.4600   0
66.4800   0
66.5000   0
66.5200   0
66.5400   0
66.5600   0
66.5800   0
66.6000   0
66.6200   0
66.6400   0
66.6600   0
66.6800   1
66.7000   0
66.7200   0
66.7400   0
66.7600   1
66.7800   0
66.8000   0
66.8200   0
66.8400   0
66.8600   0
66.8800   0
66.9000   0
66.9200   0
66.9400   0
66.9600   1
66.9800   0
67.0000   1
67.0200   0
67.0400   1
67.0600   0
67.0800   1
67.1000   0
67.1200   0
67.1400   0
67.1600   1
67.1800   0
67.2000   0
67.2200   1
67.2400   1
67.2600   0
67.2800   0
67.3000   0
67.3200   0
67.3400   0
67.3600   2
67.3800   1
67.4000   0
67.4200   0
67.4400   0
67.4600   0
67.4800   0
67.5000   0
67.5200   0
67.5400   0
67.5600   0
67.5800   0
67.6000   1
67.6200   1
67.6400   0
67.6600   0
67.6800   0
67.7000   0
67.7200   1
67.7400   0
67.7600   0
67.7800   1
67.8000   1
67.8200   0
67.8400   0
67.8600   1
67.8800   1
67.9000   1
67.9200   0
67.9400   1
67.9600   0
67.9800   1
68.0000   1
68.0200   0
68.0400   0
68.0600   1
68.0800   0
68.1000   0
68.1200   0
68.1400   0
68.1600   1
68.1800   0
68.2000   0
68.2200   0
68.2400   0
68.2600   0
68.2800   0
68.3000   0
68.3200   0
68.3400   0
68.3600   0
68.3800   1
68.4000   0
68.4200   0
68.4400   1
68.4600   1
68.4800   0
68.5000   0
68.5200   0
68.5400   2
68.5600   0
68.5800   0
68.6000   0
68.6200   0
68.6400   0
68.6600   0
68.6800   0
68.7000   0
68.7200   0
68.7400   0
68.7600   0
68.7800   0
68.8000   0
68.8200   0
68.8400   0
68.8600   1
68.8800   0
68.9000   0
68.9200   0
68.9400   0
68.9600   0
68.9800   0
69.0000   0
69.0200   0
69.0400   0
69.0600   0
69.0800   0
69.1000   0
69.1200   0
69.1400   0
69.1600   1
69.1800   0
69.2000   0
69.2200   0
69.2400   1
69.2600   0
69.2800   0
69.3000   0
69.3200   0
69.3400   0
69.3600   0
69.3800   1
69.4000   0
69.4200   0
69.4400   1
69.4600   0
69.4800   1
69.5000   0
69.5200   0
69.5400   0
69.5600   0
69.5800   0
69.6000   0
69.6200   0
69.6400   0
69.6600   0
69.6800   0
69.7000   0
69.7200   0
69.7400   0
69.7600   0
69.7800   0
69.8000   1
69.8200   0
69.8400   1
69.8600   0
69.8800   0
69.9000   0
69.9200   0
69.9400   0
69.9600   1
69.9800   0
70.0000   0
70.0200   1
70.0400   0
70.0600   0
70.0800   1
70.1000   0
70.1200   0
70.1400   1
70.1600   0
70.1800   1
70.2000   0
70.2200   1
70.2400   0
70.2600   0
70.2800   0
70.3000   0
70.3200   0
70.3400   0
70.3600   0
70.3800   0
70.4000   0
70.4200   1
70.4400   0
70.4600   0
70.4800   1
70.5000   0
70.5200   0
70.5400   0
70.5600   0
70.5800   0
70.6000   0
70.6200   0
70.6400   0
70.6600   0
70.6800   1
70.7000   1
70.7200   0
70.7400   1
70.7600   0
70.7800   0
70.8000   0
70.8200   1
70.8400   0
70.8600   0
70.8800   0
70.9000   1
70.9200   0
70.9400   0
70.9600   0
70.9800   0
71.0000   0
71.0200   1
71.0400   0
71.0600   0
71.0800   0
71.1000   0
71.1200   0
71.1400   0
71.1600   1
71.1800   0
71.2000   1
71.2200   1
71.2400   0
71.2600   0
71.2800   0
71.3000   2
71.3200   1
71.3400   0
