20.0000   4
20.0200   7
20.0400   8
20.0600   6
20.0800   7
20.1000   6
20.1200   4
20.1400   8
20.1600   6
20.1800   1
20.2000   4
20.2200   4
20.2400   6
20.2600   6
20.2800   4
20.3000   8
20.3200   5
20.3400   4
20.3600   4
20.3800   9
20.4000   6
20.4200   4
20.4400   7
20.4600   9
20.4800   5
20.5000   2
20.5200   11
20.5400   5
20.5600   5
20.5800   6
20.6000   8
20.6200   7
20.6400   5
20.6600   6
20.6800   5
20.7000   11
20.7200   8
20.7400   7
20.7600   7
20.7800   4
20.8000   8
20.8200   4
20.8400   7
20.8600   9
20.8800   4
20.9000   8
20.9200   10
20.9400   5
20.9600   5
20.9800   6
21.0000   6
21.0200   5
21.0400   3
21.0600   8
21.0800   4
21.1000   10
21.1200   4
21.1400   8
21.1600   5
21.1800   8
21.2000   9
21.2200   8
21.2400   6
21.2600   6
21.2800   2
21.3000   5
21.3200   4
21.3400   6
21.3600   6
21.3800   7
21.4000   4
21.4200   3
21.4400   7
21.4600   5
21.4800   7
21.5000   3
21.5200   7
21.5400   4
21.5600   7
21.5800   6
21.6000   5
21.6200   2
21.6400   10
21.6600   8
21.6800   6
21.7000   4
21.7200   3
21.7400   6
21.7600   5
21.7800   1
21.8000   6
21.8200   9
21.8400   8
21.8600   6
21.8800   5
21.9000   4
21.9200   6
21.9400   8
21.9600   4
21.9800   6
22.0000   4
22.0200   5
22.0400   6
22.0600   5
22.0800   4
22.1000   8
22.1200   6
22.1400   4
22.1600   7
22.1800   2
22.2000   2
22.2200   2
22.2400   6
22.2600   7
22.2800   6
22.3000   3
22.3200   6
22.3400   6
22.3600   6
22.3800   4
22.4000   4
22.4200   3
22.4400   2
22.4600   3
22.4800   6
22.5000   4
22.5200   4
22.5400   6
22.5600   1
22.5800   6
22.6000   4
22.6200   3
22.6400   5
22.6600   7
22.6800   1
22.7000   7
22.7200   4
22.7400   4
22.7600   4
22.7800   4
22.8000   4
22.8200   5
22.8400   4
22.8600   5
22.8800   4
22.9000   1
22.9200   5
22.9400   6
22.9600   7
22.9800   6
23.0000   10
23.0200   6
23.0400   8
23.0600   5
23.0800   5
23.1000   3
23.1200   8
23.1400   3
23.1600   4
23.1800   7
23.2000   4
23.2200   5
23.2400   6
23.2600   10
23.2800   4
23.3000   3
23.3200   4
23.3400   8
23.3600   6
23.3800   7
23.4000   6
23.4200   3
23.4400   8
23.4600   10
23.4800   5
23.5000   4
23.5200   4
23.5400   2
23.5600   4
23.5800   4
23.6000   8
23.6200   5
23.6400   5
23.6600   1
23.6800   4
23.7000   3
23.7200   4
23.7400   2
23.7600   8
23.7800   3
23.8000   7
23.8200   7
23.8400   2
23.8600   2
23.8800   4
23.9000   4
23.9200   6
23.9400   6
23.9600   1
23.9800   4
24.0000   5
24.0200   5
24.0400   2
24.0600   9
24.0800   3
24.1000   2
24.1200   2
24.1400   5
24.1600   2
24.1800   3
24.2000   1
24.2200   5
24.2400   2
24.2600   5
24.2800   6
24.3000   3
24.3200   1
24.3400   3
24.3600   1
24.3800   5
24.4000   5
24.4200   3
24.4400   5
24.4600   7
24.4800   4
24.5000   0
24.5200   1
24.5400   3
24.5600   3
24.5800   6
24.6000   5
24.6200   3
24.6400   5
24.6600   2
24.6800   4
24.7000   4
24.7200   6
24.7400   3
24.7600   3
24.7800   6
24.8000   4
24.8200   4
24.8400   1
24.8600   2
24.8800   5
24.9000   3
24.9200   2
24.9400   11
24.9600   2
24.9800   2
25.0000   5
25.0200   3
25.0400   2
25.0600   4
25.0800   3
25.1000   3
25.1200   5
25.1400   6
25.1600   4
25.1800   3
25.2000   2
25.2200   7
25.2400   3
25.2600   4
25.2800   4
25.3000   1
25.3200   6
25.3400   2
25.3600   6
25.3800   5
25.4000   2
25.4200   4
25.4400   2
25.4600   2
25.4800   5
25.5000   2
25.5200   5
25.5400   5
25.5600   2
25.5800   2
25.6000   2
25.6200   4
25.6400   5
25.6600   3
25.6800   5
25.7000   3
25.7200   4
25.7400   3
25.7600   3
25.7800   3
25.8000   6
25.8200   5
25.8400   1
25.8600   3
25.8800   3
25.9000   2
25.9200   6
25.9400   5
25.9600   2
25.9800   2
26.0000   4
26.0200   2
26.0400   3
26.0600   4
26.0800   4
26.1000   4
26.1200   4
26.1400   2
26.1600   6
26.1800   4
26.2000   3
26.2200   2
26.2400   6
26.2600   5
26.2800   3
26.3000   9
26.3200   3
26.3400   1
26.3600   4
26.3800   3
26.4000   1
26.4200   4
26.4400   5
26.4600   4
26.4800   3
26.5000   5
26.5200   4
26.5400   2
26.5600   1
26.5800   5
26.6000   7
26.6200   2
26.6400   5
26.6600   4
26.6800   8
26.7000   9
26.7200   0
26.7400   4
26.7600   5
26.7800   6
26.8000   8
26.8200   14
26.8400   7
26.8600   3
26.8800   3
26.9000   4
26.9200   6
26.9400   7
26.9600   5
26.9800   5
27.0000   3
27.0200   4
27.0400   6
27.0600   4
27.0800   4
27.1000   3
27.1200   5
27.1400   3
27.1600   2
27.1800   6
27.2000   2
27.2200   2
27.2400   5
27.2600   1
27.2800   5
27.3000   4
27.3200   3
27.3400   2
27.3600   3
27.3800   3
27.4000   2
27.4200   3
27.4400   4
27.4600   6
27.4800   3
27.5000   4
27.5200   2
27.5400   0
27.5600   9
27.5800   4
27.6000   6
27.6200   4
27.6400   1
27.6600   4
27.6800   3
27.7000   5
27.7200   3
27.7400   3
27.7600   4
27.7800   3
27.8000   8
27.8200   1
27.8400   8
27.8600   2
27.8800   6
27.9000   6
27.9200   5
27.9400   2
27.9600   6
27.9800   3
28.0000   4
28.0200   4
28.0400   7
28.0600   3
28.0800   4
28.1000   4
28.1200   3
28.1400   2
28.1600   9
28.1800   4
28.2000   3
28.2200   8
28.2400   3
28.2600   5
28.2800   5
28.3000   10
28.3200   3
28.3400   2
28.3600   5
28.3800   8
28.4000   14
28.4200   12
28.4400   10
28.4600   6
28.4800   10
28.5000   12
28.5200   22
28.5400   31
28.5600   37
28.5800   67
28.6000   65
28.6200   75
28.6400   54
28.6600   55
28.6800   41
28.7000   43
28.7200   38
28.7400   31
28.7600   32
28.7800   56
28.8000   98
28.8200   100
28.8400   159
28.8600   164
28.8800   144
28.9000   119
28.9200   70
28.9400   57
28.9600   35
28.9800   21
29.0000   22
29.0200   16
29.0400   9
29.0600   18
29.0800   13
29.1000   12
29.1200   18
29.1400   12
29.1600   8
29.1800   15
29.2000   10
29.2200   14
29.2400   10
29.2600   6
29.2800   19
29.3000   9
29.3200   11
29.3400   18
29.3600   12
29.3800   12
29.4000   13
29.4200   10
29.4400   13
29.4600   13
29.4800   14
29.5000   12
29.5200   10
29.5400   8
29.5600   11
29.5800   11
29.6000   14
29.6200   10
29.6400   16
29.6600   19
29.6800   23
29.7000   20
29.7200   12
29.7400   11
29.7600   20
29.7800   17
29.8000   18
29.8200   11
29.8400   17
29.8600   16
29.8800   15
29.9000   18
29.9200   18
29.9400   21
29.9600   12
29.9800   19
30.0000   13
30.0200   20
30.0400   19
30.0600   16
30.0800   24
30.1000   27
30.1200   29
30.1400   26
30.1600   31
30.1800   32
30.2000   27
30.2200   13
30.2400   28
30.2600   23
30.2800   24
30.3000   29
30.3200   39
30.3400   38
30.3600   42
30.3800   45
30.4000   49
30.4200   53
30.4400   41
30.4600   61
30.4800   46
30.5000   62
30.5200   58
30.5400   88
30.5600   93
30.5800   100
30.6000   141
30.6200   152
30.6400   190
30.6600   225
30.6800   215
30.7000   186
30.7200   172
30.7400   146
30.7600   185
30.7800   157
30.8000   209
30.8200   203
30.8400   277
30.8600   270
30.8800   307
30.9000   347
30.9200   326
30.9400   347
30.9600   372
30.9800   402
31.0000   427
31.0200   477
31.0400   461
31.0600   516
31.0800   562
31.1000   568
31.1200   648
31.1400   643
31.1600   751
31.1800   692
31.2000   800
31.2200   817
31.2400   929
31.2600   979
31.2800   1075
31.3000   1089
31.3200   1208
31.3400   1238
31.3600   1313
31.3800   1395
31.4000   1401
31.4200   1471
31.4400   1635
31.4600   1586
31.4800   1877
31.5000   1860
31.5200   2013
31.5400   2105
31.5600   2297
31.5800   2364
31.6000   2683
31.6200   2746
31.6400   3176
31.6600   3638
31.6800   4937
31.7000   6005
31.7200   8386
31.7400   9560
31.7600   12321
31.7800   13846
31.8000   16344
31.8200   17283
31.8400   18280
31.8600   18425
31.8800   15591
31.9000   16437
31.9200   15999
31.9400   15526
31.9600   15413
31.9800   15115
32.0000   15519
32.0200   15729
32.0400   15788
32.0600   15637
32.0800   15664
32.1000   15616
32.1200   15164
32.1400   14971
32.1600   16001
32.1800   17602
32.2000   16260
32.2200   15618
32.2400   14463
32.2600   13918
32.2800   12612
32.3000   11591
32.3200   9713
32.3400   8566
32.3600   6928
32.3800   6162
32.4000   5083
32.4200   4459
32.4400   3605
32.4600   3308
32.4800   3052
32.5000   2993
32.5200   2656
32.5400   2580
32.5600   2395
32.5800   2275
32.6000   2152
32.6200   2075
32.6400   1984
32.6600   1909
32.6800   1770
32.7000   1808
32.7200   1667
32.7400   1501
32.7600   1441
32.7800   1431
32.8000   1297
32.8200   1337
32.8400   1142
32.8600   1196
32.8800   1013
32.9000   1032
32.9200   933
32.9400   911
32.9600   872
32.9800   839
33.0000   773
33.0200   741
33.0400   666
33.0600   614
33.0800   695
33.1000   600
33.1200   562
33.1400   506
33.1600   484
33.1800   496
33.2000   464
33.2200   413
33.2400   394
33.2600   381
33.2800   329
33.3000   287
33.3200   293
33.3400   266
33.3600   242
33.3800   244
33.4000   215
33.4200   212
33.4400   194
33.4600   205
33.4800   168
33.5000   161
33.5200   159
33.5400   151
33.5600   104
33.5800   105
33.6000   101
33.6200   84
33.6400   104
33.6600   90
33.6800   97
33.7000   75
33.7200   85
33.7400   51
33.7600   47
33.7800   76
33.8000   52
33.8200   51
33.8400   59
33.8600   63
33.8800   45
33.9000   48
33.9200   45
33.9400   34
33.9600   38
33.9800   33
34.0000   39
34.0200   30
34.0400   38
34.0600   28
34.0800   31
34.1000   31
34.1200   24
34.1400   38
34.1600   30
34.1800   30
34.2000   20
34.2200   18
34.2400   26
34.2600   24
34.2800   26
34.3000   26
34.3200   14
34.3400   19
34.3600   13
34.3800   16
34.4000   22
34.4200   22
34.4400   18
34.4600   21
34.4800   15
34.5000   14
34.5200   19
34.5400   16
34.5600   17
34.5800   14
34.6000   11
34.6200   17
34.6400   14
34.6600   22
34.6800   16
34.7000   13
34.7200   18
34.7400   13
34.7600   10
34.7800   16
34.8000   12
34.8200   10
34.8400   12
34.8600   15
34.8800   15
34.9000   8
34.9200   9
34.9400   13
34.9600   22
34.9800   12
35.0000   11
35.0200   8
35.0400   14
35.0600   14
35.0800   17
35.1000   9
35.1200   9
35.1400   11
35.1600   5
35.1800   11
35.2000   13
35.2200   8
35.2400   6
35.2600   7
35.2800   12
35.3000   9
35.3200   13
35.3400   3
35.3600   11
35.3800   10
35.4000   15
35.4200   4
35.4400   16
35.4600   7
35.4800   14
35.5000   11
35.5200   5
35.5400   12
35.5600   14
35.5800   8
35.6000   8
35.6200   13
35.6400   7
35.6600   9
35.6800   3
35.7000   7
35.7200   5
35.7400   6
35.7600   9
35.7800   7
35.8000   7
35.8200   11
35.8400   13
35.8600   5
35.8800   10
35.9000   7
35.9200   6
35.9400   9
35.9600   6
35.9800   6
36.0000   5
36.0200   3
36.0400   9
36.0600   8
36.0800   6
36.1000   5
36.1200   4
36.1400   3
36.1600   5
36.1800   3
36.2000   8
36.2200   5
36.2400   4
36.2600   8
36.2800   4
36.3000   4
36.3200   9
36.3400   6
36.3600   5
36.3800   12
36.4000   3
36.4200   6
36.4400   8
36.4600   3
36.4800   1
36.5000   4
36.5200   5
36.5400   3
36.5600   9
36.5800   7
36.6000   5
36.6200   5
36.6400   9
36.6600   6
36.6800   6
36.7000   4
36.7200   3
36.7400   3
36.7600   5
36.7800   5
36.8000   2
36.8200   2
36.8400   11
36.8600   6
36.8800   3
36.9000   4
36.9200   8
36.9400   9
36.9600   2
36.9800   4
37.0000   5
37.0200   4
37.0400   3
37.0600   4
37.0800   1
37.1000   6
37.1200   4
37.1400   2
37.1600   6
37.1800   8
37.2000   5
37.2200   2
37.2400   6
37.2600   5
37.2800   4
37.3000   5
37.3200   4
37.3400   6
37.3600   4
37.3800   4
37.4000   5
37.4200   6
37.4400   3
37.4600   1
37.4800   3
37.5000   4
37.5200   5
37.5400   6
37.5600   2
37.5800   3
37.6000   6
37.6200   2
37.6400   2
37.6600   6
37.6800   3
37.7000   4
37.7200   1
37.7400   5
37.7600   5
37.7800   4
37.8000   4
37.8200   3
37.8400   4
37.8600   3
37.8800   6
37.9000   1
37.9200   3
37.9400   5
37.9600   3
37.9800   2
38.0000   5
38.0200   1
38.0400   7
38.0600   5
38.0800   10
38.1000   2
38.1200   2
38.1400   3
38.1600   3
38.1800   6
38.2000   4
38.2200   5
38.2400   3
38.2600   2
38.2800   2
38.3000   10
38.3200   9
38.3400   5
38.3600   4
38.3800   3
38.4000   6
38.4200   8
38.4400   4
38.4600   12
38.4800   8
38.5000   7
38.5200   6
38.5400   6
38.5600   3
38.5800   5
38.6000   3
38.6200   5
38.6400   8
38.6600   1
38.6800   5
38.7000   3
38.7200   6
38.7400   3
38.7600   3
38.7800   5
38.8000   1
38.8200   0
38.8400   4
38.8600   5
38.8800   2
38.9000   1
38.9200   2
38.9400   0
38.9600   2
38.9800   4
39.0000   1
39.0200   4
39.0400   3
39.0600   2
39.0800   1
39.1000   2
39.1200   3
39.1400   2
39.1600   1
39.1800   4
39.2000   0
39.2200   3
39.2400   2
39.2600   3
39.2800   1
39.3000   2
39.3200   3
39.3400   1
39.3600   2
39.3800   3
39.4000   4
39.4200   4
39.4400   0
39.4600   3
39.4800   1
39.5000   2
39.5200   1
39.5400   3
39.5600   0
39.5800   3
39.6000   5
39.6200   2
39.6400   3
39.6600   2
39.6800   2
39.7000   0
39.7200   3
39.7400   4
39.7600   2
39.7800   1
39.8000   0
39.8200   2
39.8400   4
39.8600   0
39.8800   3
39.9000   1
39.9200   2
39.9400   5
39.9600   2
39.9800   2
40.0000   0
40.0200   1
40.0400   0
40.0600   1
40.0800   3
40.1000   1
40.1200   2
40.1400   0
40.1600   2
40.1800   3
40.2000   1
40.2200   0
40.2400   2
40.2600   3
40.2800   2
40.3000   3
40.3200   0
40.3400   1
40.3600   3
40.3800   1
40.4000   0
40.4200   0
40.4400   1
40.4600   0
40.4800   0
40.5000   1
40.5200   1
40.5400   1
40.5600   3
40.5800   1
40.6000   1
40.6200   0
40.6400   2
40.6600   5
40.6800   3
40.7000   2
40.7200   1
40.7400   2
40.7600   5
40.7800   3
40.8000   2
40.8200   0
40.8400   0
40.8600   5
40.8800   1
40.9000   0
40.9200   3
40.9400   0
40.9600   1
40.9800   0
41.0000   2
41.0200   2
41.0400   0
41.0600   0
41.0800   0
41.1000   0
41.1200   1
41.1400   2
41.1600   0
41.1800   4
41.2000   2
41.2200   0
41.2400   4
41.2600   1
41.2800   2
41.3000   0
41.3200   1
41.3400   1
41.3600   3
41.3800   3
41.4000   4
41.4200   0
41.4400   2
41.4600   1
41.4800   3
41.5000   4
41.5200   0
41.5400   1
41.5600   2
41.5800   1
41.6000   2
41.6200   1
41.6400   2
41.6600   0
41.6800   1
41.7000   2
41.7200   0
41.7400   0
41.7600   1
41.7800   1
41.8000   1
41.8200   0
41.8400   3
41.8600   4
41.8800   0
41.9000   0
41.9200   2
41.9400   3
41.9600   3
41.9800   0
42.0000   0
42.0200   3
42.0400   1
42.0600   0
42.0800   1
42.1000   0
42.1200   4
42.1400   0
42.1600   1
42.1800   2
42.2000   2
42.2200   2
42.2400   2
42.2600   2
42.2800   0
42.3000   3
42.3200   2
42.3400   3
42.3600   0
42.3800   2
42.4000   3
42.4200   2
42.4400   4
42.4600   4
42.4800   4
42.5000   1
42.5200   3
42.5400   1
42.5600   2
42.5800   1
42.6000   1
42.6200   0
42.6400   2
42.6600   1
42.6800   0
42.7000   2
42.7200   3
42.7400   1
42.7600   2
42.7800   3
42.8000   0
42.8200   3
42.8400   1
42.8600   2
42.8800   3
42.9000   2
42.9200   0
42.9400   0
42.9600   1
42.9800   2
43.0000   3
43.0200   2
43.0400   1
43.0600   1
43.0800   2
43.1000   0
43.1200   2
43.1400   1
43.1600   1
43.1800   0
43.2000   5
43.2200   0
43.2400   0
43.2600   2
43.2800   0
43.3000   1
43.3200   4
43.3400   1
43.3600   2
43.3800   1
43.4000   1
43.4200   2
43.4400   0
43.4600   1
43.4800   1
43.5000   3
43.5200   2
43.5400   0
43.5600   2
43.5800   0
43.6000   2
43.6200   3
43.6400   0
43.6600   1
43.6800   3
43.7000   0
43.7200   1
43.7400   5
43.7600   4
43.7800   3
43.8000   2
43.8200   1
43.8400   0
43.8600   0
43.8800   1
43.9000   4
43.9200   0
43.9400   4
43.9600   1
43.9800   2
44.0000   2
44.0200   2
44.0400   3
44.0600   1
44.0800   1
44.1000   3
44.1200   9
44.1400   1
44.1600   1
44.1800   2
44.2000   2
44.2200   2
44.2400   1
44.2600   3
44.2800   1
44.3000   2
44.3200   3
44.3400   1
44.3600   1
44.3800   3
44.4000   3
44.4200   2
44.4400   7
44.4600   5
44.4800   6
44.5000   4
44.5200   3
44.5400   8
44.5600   7
44.5800   7
44.6000   4
44.6200   5
44.6400   8
44.6600   2
44.6800   5
44.7000   4
44.7200   6
44.7400   5
44.7600   5
44.7800   7
44.8000   4
44.8200   4
44.8400   2
44.8600   2
44.8800   4
44.9000   0
44.9200   1
44.9400   4
44.9600   2
44.9800   0
45.0000   4
45.0200   3
45.0400   1
45.0600   0
45.0800   2
45.1000   4
45.1200   2
45.1400   1
45.1600   2
45.1800   1
45.2000   0
45.2200   1
45.2400   2
45.2600   0
45.2800   0
45.3000   3
45.3200   0
45.3400   1
45.3600   1
45.3800   0
45.4000   4
45.4200   1
45.4400   1
45.4600   2
45.4800   2
45.5000   3
45.5200   2
45.5400   5
45.5600   3
45.5800   0
45.6000   1
45.6200   0
45.6400   2
45.6600   2
45.6800   1
45.7000   5
45.7200   3
45.7400   3
45.7600   2
45.7800   0
45.8000   1
45.8200   0
45.8400   3
45.8600   1
45.8800   1
45.9000   2
45.9200   3
45.9400   1
45.9600   3
45.9800   0
46.0000   3
46.0200   0
46.0400   1
46.0600   2
46.0800   1
46.1000   1
46.1200   3
46.1400   4
46.1600   2
46.1800   0
46.2000   0
46.2200   3
46.2400   2
46.2600   0
46.2800   0
46.3000   1
46.3200   0
46.3400   0
46.3600   2
46.3800   1
46.4000   0
46.4200   1
46.4400   3
46.4600   3
46.4800   1
46.5000   2
46.5200   2
46.5400   0
46.5600   0
46.5800   4
46.6000   4
46.6200   2
46.6400   1
46.6600   1
46.6800   2
46.7000   1
46.7200   1
46.7400   0
46.7600   1
46.7800   1
46.8000   2
46.8200   0
46.8400   2
46.8600   1
46.8800   1
46.9000   0
46.9200   1
46.9400   1
46.9600   0
46.9800   0
47.0000   0
47.0200   4
47.0400   1
47.0600   1
47.0800   1
47.1000   2
47.1200   1
47.1400   1
47.1600   1
47.1800   2
47.2000   2
47.2200   1
47.2400   2
47.2600   0
47.2800   1
47.3000   2
47.3200   2
47.3400   1
47.3600   2
47.3800   0
47.4000   2
47.4200   2
47.4400   1
47.4600   1
47.4800   1
47.5000   0
47.5200   1
47.5400   0
47.5600   2
47.5800   2
47.6000   2
47.6200   1
47.6400   1
47.6600   1
47.6800   1
47.7000   2
47.7200   2
47.7400   2
47.7600   0
47.7800   2
47.8000   5
47.8200   1
47.8400   0
47.8600   1
47.8800   2
47.9000   2
47.9200   4
47.9400   0
47.9600   2
47.9800   3
48.0000   5
48.0200   1
48.0400   3
48.0600   2
48.0800   1
48.1000   3
48.1200   4
48.1400   2
48.1600   2
48.1800   2
48.2000   1
48.2200   0
48.2400   1
48.2600   3
48.2800   1
48.3000   4
48.3200   0
48.3400   3
48.3600   3
48.3800   0
48.4000   0
48.4200   2
48.4400   5
48.4600   2
48.4800   2
48.5000   1
48.5200   2
48.5400   1
48.5600   0
48.5800   0
48.6000   2
48.6200   4
48.6400   3
48.6600   4
48.6800   4
48.7000   3
48.7200   1
48.7400   4
48.7600   7
48.7800   1
48.8000   5
48.8200   1
48.8400   5
48.8600   1
48.8800   1
48.9000   1
48.9200   3
48.9400   2
48.9600   0
48.9800   1
49.0000   2
49.0200   1
49.0400   0
49.0600   0
49.0800   3
49.1000   0
49.1200   4
49.1400   0
49.1600   2
49.1800   4
49.2000   3
49.2200   3
49.2400   1
49.2600   2
49.2800   2
49.3000   3
49.3200   3
49.3400   1
49.3600   2
49.3800   0
49.4000   1
49.4200   0
49.4400   2
49.4600   2
49.4800   1
49.5000   5
49.5200   3
49.5400   3
49.5600   2
49.5800   1
49.6000   1
49.6200   3
49.6400   2
49.6600   2
49.6800   1
49.7000   2
49.7200   3
49.7400   1
49.7600   1
49.7800   3
49.8000   2
49.8200   1
49.8400   1
49.8600   3
49.8800   3
49.9000   1
49.9200   3
49.9400   3
49.9600   1
49.9800   0
50.0000   1
50.0200   3
50.0400   1
50.0600   2
50.0800   0
50.1000   2
50.1200   2
50.1400   4
50.1600   2
50.1800   1
50.2000   2
50.2200   0
50.2400   5
50.2600   1
50.2800   1
50.3000   1
50.3200   1
50.3400   3
50.3600   1
50.3800   2
50.4000   1
50.4200   3
50.4400   1
50.4600   0
50.4800   3
50.5000   1
50.5200   0
50.5400   2
50.5600   0
50.5800   4
50.6000   1
50.6200   2
50.6400   2
50.6600   1
50.6800   2
50.7000   0
50.7200   0
50.7400   2
50.7600   1
50.7800   1
50.8000   1
50.8200   1
50.8400   0
50.8600   1
50.8800   4
50.9000   1
50.9200   0
50.9400   3
50.9600   0
50.9800   3
51.0000   1
51.0200   2
51.0400   3
51.0600   1
51.0800   2
51.1000   2
51.1200   1
51.1400   3
51.1600   1
51.1800   1
51.2000   3
51.2200   0
51.2400   1
51.2600   1
51.2800   0
51.3000   1
51.3200   1
51.3400   3
51.3600   1
51.3800   2
51.4000   4
51.4200   2
51.4400   1
51.4600   1
51.4800   2
51.5000   5
51.5200   2
51.5400   2
51.5600   1
51.5800   2
51.6000   2
51.6200   1
51.6400   4
51.6600   1
51.6800   1
51.7000   1
51.7200   2
51.7400   1
51.7600   0
51.7800   3
51.8000   0
51.8200   0
51.8400   1
51.8600   1
51.8800   2
51.9000   0
51.9200   2
51.9400   0
51.9600   0
51.9800   1
52.0000   1
52.0200   0
52.0400   1
52.0600   1
52.0800   2
52.1000   2
52.1200   0
52.1400   2
52.1600   4
52.1800   2
52.2000   2
52.2200   1
52.2400   0
52.2600   2
52.2800   1
52.3000   1
52.3200   2
52.3400   0
52.3600   0
52.3800   0
52.4000   1
52.4200   3
52.4400   2
52.4600   1
52.4800   3
52.5000   0
52.5200   2
52.5400   0
52.5600   1
52.5800   4
52.6000   3
52.6200   5
52.6400   0
52.6600   1
52.6800   1
52.7000   1
52.7200   1
52.7400   0
52.7600   1
52.7800   2
52.8000   2
52.8200   1
52.8400   0
52.8600   2
52.8800   3
52.9000   5
52.9200   1
52.9400   1
52.9600   1
52.9800   1
53.0000   2
53.0200   1
53.0400   1
53.0600   2
53.0800   2
53.1000   1
53.1200   2
53.1400   1
53.1600   0
53.1800   1
53.2000   2
53.2200   3
53.2400   3
53.2600   0
53.2800   0
53.3000   1
53.3200   2
53.3400   2
53.3600   1
53.3800   1
53.4000   2
53.4200   2
53.4400   2
53.4600   1
53.4800   5
53.5000   5
53.5200   1
53.5400   5
53.5600   1
53.5800   0
53.6000   3
53.6200   0
53.6400   1
53.6600   1
53.6800   1
53.7000   2
53.7200   0
53.7400   1
53.7600   1
53.7800   0
53.8000   0
53.8200   4
53.8400   2
53.8600   3
53.8800   1
53.9000   2
53.9200   1
53.9400   3
53.9600   3
53.9800   0
54.0000   1
54.0200   1
54.0400   0
54.0600   0
54.0800   1
54.1000   4
54.1200   1
54.1400   4
54.1600   2
54.1800   2
54.2000   3
54.2200   1
54.2400   0
54.2600   3
54.2800   1
54.3000   0
54.3200   6
54.3400   1
54.3600   0
54.3800   5
54.4000   2
54.4200   2
54.4400   0
54.4600   0
54.4800   1
54.5000   2
54.5200   3
54.5400   0
54.5600   1
54.5800   1
54.6000   1
54.6200   2
54.6400   1
54.6600   2
54.6800   5
54.7000   2
54.7200   1
54.7400   2
54.7600   5
54.7800   1
54.8000   3
54.8200   2
54.8400   1
54.8600   4
54.8800   1
54.9000   3
54.9200   5
54.9400   1
54.9600   1
54.9800   1
55.0000   0
55.0200   4
55.0400   2
55.0600   1
55.0800   2
55.1000   0
55.1200   2
55.1400   2
55.1600   2
55.1800   1
55.2000   1
55.2200   0
55.2400   3
55.2600   3
55.2800   1
55.3000   4
55.3200   1
55.3400   4
55.3600   0
55.3800   1
55.4000   1
55.4200   1
55.4400   3
55.4600   1
55.4800   1
55.5000   2
55.5200   0
55.5400   3
55.5600   1
55.5800   2
55.6000   1
55.6200   1
55.6400   1
55.6600   2
55.6800   2
55.7000   0
55.7200   1
55.7400   0
55.7600   3
55.7800   2
55.8000   4
55.8200   3
55.8400   1
55.8600   2
55.8800   4
55.9000   2
55.9200   1
55.9400   1
55.9600   3
55.9800   2
56.0000   3
56.0200   2
56.0400   1
56.0600   1
56.0800   1
56.1000   3
56.1200   2
56.1400   1
56.1600   3
56.1800   2
56.2000   0
56.2200   3
56.2400   2
56.2600   2
56.2800   1
56.3000   0
56.3200   1
56.3400   2
56.3600   1
56.3800   0
56.4000   1
56.4200   1
56.4400   2
56.4600   1
56.4800   0
56.5000   0
56.5200   2
56.5400   2
56.5600   0
56.5800   0
56.6000   1
56.6200   1
56.6400   1
56.6600   3
56.6800   2
56.7000   2
56.7200   2
56.7400   1
56.7600   1
56.7800   1
56.8000   1
56.8200   3
56.8400   3
56.8600   0
56.8800   1
56.9000   1
56.9200   0
56.9400   1
56.9600   0
56.9800   3
57.0000   0
57.0200   2
57.0400   0
57.0600   3
57.0800   2
57.1000   1
57.1200   0
57.1400   1
57.1600   0
57.1800   1
57.2000   0
57.2200   1
57.2400   1
57.2600   1
57.2800   1
57.3000   1
57.3200   0
57.3400   1
57.3600   0
57.3800   1
57.4000   0
57.4200   3
57.4400   0
57.4600   2
57.4800   2
57.5000   1
57.5200   0
57.5400   3
57.5600   1
57.5800   3
57.6000   0
57.6200   1
57.6400   0
57.6600   3
57.6800   3
57.7000   3
57.7200   1
57.7400   0
57.7600   3
57.7800   2
57.8000   0
57.8200   1
57.8400   2
57.8600   1
57.8800   1
57.9000   4
57.9200   0
57.9400   2
57.9600   2
57.9800   3
58.0000   4
58.0200   0
58.0400   0
58.0600   1
58.0800   2
58.1000   3
58.1200   0
58.1400   1
58.1600   1
58.1800   2
58.2000   3
58.2200   0
58.2400   0
58.2600   2
58.2800   3
58.3000   3
58.3200   1
58.3400   2
58.3600   2
58.3800   1
58.4000   0
58.4200   1
58.4400   5
58.4600   2
58.4800   1
58.5000   2
58.5200   3
58.5400   3
58.5600   2
58.5800   3
58.6000   2
58.6200   1
58.6400   2
58.6600   1
58.6800   2
58.7000   5
58.7200   4
58.7400   4
58.7600   2
58.7800   3
58.8000   1
58.8200   8
58.8400   5
58.8600   1
58.8800   2
58.9000   5
58.9200   5
58.9400   6
58.9600   2
58.9800   6
59.0000   2
59.0200   2
59.0400   3
59.0600   6
59.0800   5
59.1000   2
59.1200   5
59.1400   3
59.1600   3
59.1800   5
59.2000   0
59.2200   1
59.2400   3
59.2600   5
59.2800   2
59.3000   4
59.3200   4
59.3400   7
59.3600   13
59.3800   20
59.4000   17
59.4200   27
59.4400   15
59.4600   16
59.4800   13
59.5000   5
59.5200   0
59.5400   1
59.5600   7
59.5800   9
59.6000   4
59.6200   6
59.6400   1
59.6600   1
59.6800   2
59.7000   5
59.7200   2
59.7400   4
59.7600   3
59.7800   1
59.8000   6
59.8200   2
59.8400   2
59.8600   2
59.8800   5
59.9000   3
59.9200   4
59.9400   0
59.9600   4
59.9800   1
60.0000   1
60.0200   4
60.0400   3
60.0600   5
60.0800   6
60.1000   5
60.1200   2
60.1400   2
60.1600   2
60.1800   1
60.2000   2
60.2200   0
60.2400   4
60.2600   3
60.2800   4
60.3000   2
60.3200   2
60.3400   3
60.3600   1
60.3800   1
60.4000   4
60.4200   8
60.4400   1
60.4600   1
60.4800   0
60.5000   5
60.5200   5
60.5400   1
60.5600   3
60.5800   1
60.6000   4
60.6200   4
60.6400   3
60.6600   2
60.6800   4
60.7000   1
60.7200   2
60.7400   4
60.7600   7
60.7800   4
60.8000   3
60.8200   3
60.8400   3
60.8600   2
60.8800   3
60.9000   3
60.9200   2
60.9400   4
60.9600   1
60.9800   3
61.0000   4
61.0200   5
61.0400   3
61.0600   2
61.0800   5
61.1000   4
61.1200   3
61.1400   5
61.1600   3
61.1800   2
61.2000   3
61.2200   6
61.2400   4
61.2600   3
61.2800   2
61.3000   7
61.3200   3
61.3400   5
61.3600   2
61.3800   5
61.4000   4
61.4200   7
61.4400   1
61.4600   2
61.4800   7
61.5000   3
61.5200   2
61.5400   4
61.5600   2
61.5800   3
61.6000   2
61.6200   4
61.6400   2
61.6600   4
61.6800   5
61.7000   2
61.7200   2
61.7400   2
61.7600   5
61.7800   3
61.8000   2
61.8200   5
61.8400   1
61.8600   2
61.8800   7
61.9000   11
61.9200   0
61.9400   9
61.9600   4
61.9800   5
62.0000   4
62.0200   8
62.0400   1
62.0600   2
62.0800   2
62.1000   4
62.1200   5
62.1400   5
62.1600   7
62.1800   7
62.2000   4
62.2200   4
62.2400   8
62.2600   4
62.2800   4
62.3000   5
62.3200   5
62.3400   3
62.3600   5
62.3800   4
62.4000   5
62.4200   4
62.4400   8
62.4600   6
62.4800   6
62.5000   6
62.5200   8
62.5400   6
62.5600   2
62.5800   2
62.6000   5
62.6200   11
62.6400   7
62.6600   6
62.6800   7
62.7000   4
62.7200   12
62.7400   2
62.7600   7
62.7800   5
62.8000   8
62.8200   5
62.8400   3
62.8600   2
62.8800   7
62.9000   13
62.9200   6
62.9400   3
62.9600   5
62.9800   10
63.0000   12
63.0200   9
63.0400   8
63.0600   6
63.0800   5
63.1000   14
63.1200   4
63.1400   6
63.1600   11
63.1800   8
63.2000   7
63.2200   7
63.2400   9
63.2600   12
63.2800   9
63.3000   8
63.3200   6
63.3400   15
63.3600   16
63.3800   16
63.4000   21
63.4200   20
63.4400   16
63.4600   20
63.4800   11
63.5000   15
63.5200   12
63.5400   17
63.5600   12
63.5800   20
63.6000   13
63.6200   15
63.6400   11
63.6600   15
63.6800   18
63.7000   11
63.7200   18
63.7400   12
63.7600   16
63.7800   24
63.8000   21
63.8200   14
63.8400   17
63.8600   20
63.8800   12
63.9000   18
63.9200   24
63.9400   18
63.9600   26
63.9800   32
64.0000   26
64.0200   21
64.0400   23
64.0600   18
64.0800   27
64.1000   29
64.1200   21
64.1400   27
64.1600   27
64.1800   19
64.2000   36
64.2200   28
64.2400   23
64.2600   20
64.2800   33
64.3000   27
64.3200   34
64.3400   36
64.3600   34
64.3800   37
64.4000   37
64.4200   40
64.4400   34
64.4600   29
64.4800   37
64.5000   37
64.5200   37
64.5400   44
64.5600   36
64.5800   39
64.6000   48
64.6200   50
64.6400   55
64.6600   40
64.6800   52
64.7000   39
64.7200   53
64.7400   64
64.7600   58
64.7800   55
64.8000   71
64.8200   47
64.8400   64
64.8600   60
64.8800   61
64.9000   74
64.9200   68
64.9400   81
64.9600   71
64.9800   66
65.0000   72
65.0200   63
65.0400   78
65.0600   75
65.0800   98
65.1000   103
65.1200   91
65.1400   78
65.1600   87
65.1800   92
65.2000   94
65.2200   101
65.2400   101
65.2600   105
65.2800   115
65.3000   107
65.3200   114
65.3400   111
65.3600   105
65.3800   116
65.4000   117
65.4200   123
65.4400   121
65.4600   116
65.4800   136
65.5000   151
65.5200   139
65.5400   152
65.5600   149
65.5800   161
65.6000   182
65.6200   148
65.6400   167
65.6600   167
65.6800   191
65.7000   181
65.7200   208
65.7400   189
65.7600   206
65.7800   186
65.8000   229
65.8200   241
65.8400   258
65.8600   245
65.8800   287
65.9000   296
65.9200   273
65.9400   312
65.9600   317
65.9800   365
66.0000   385
66.0200   456
66.0400   486
66.0600   556
66.0800   642
66.1000   744
66.1200   920
66.1400   1039
66.1600   1162
66.1800   1273
66.2000   1477
66.2200   1603
66.2400   1934
66.2600   2115
66.2800   2439
66.3000   2656
66.3200   3070
66.3400   3595
66.3600   5070
66.3800   6697
66.4000   13110
66.4200   17129
66.4400   14766
66.4600   14110
66.4800   14699
66.5000   14421
66.5200   13519
66.5400   14740
66.5600   15113
66.5800   12770
66.6000   14273
66.6200   16282
66.6400   17294
66.6600   16265
66.6800   14899
66.7000   15523
66.7200   16139
66.7400   12557
66.7600   6339
66.7800   4736
66.8000   3183
66.8200   2597
66.8400   2108
66.8600   1938
66.8800   1664
66.9000   1582
66.9200   1334
66.9400   1317
66.9600   1029
66.9800   928
67.0000   792
67.0200   703
67.0400   566
67.0600   543
67.0800   493
67.1000   452
67.1200   427
67.1400   413
67.1600   388
67.1800   356
67.2000   338
67.2200   338
67.2400   323
67.2600   303
67.2800   343
67.3000   295
67.3200   293
67.3400   293
67.3600   282
67.3800   259
67.4000   257
67.4200   254
67.4400   250
67.4600   246
67.4800   232
67.5000   235
67.5200   234
67.5400   204
67.5600   196
67.5800   174
67.6000   185
67.6200   186
67.6400   190
67.6600   196
67.6800   170
67.7000   187
67.7200   179
67.7400   181
67.7600   167
67.7800   159
67.8000   157
67.8200   164
67.8400   147
67.8600   156
67.8800   145
67.9000   125
67.9200   133
67.9400   134
67.9600   113
67.9800   141
68.0000   116
68.0200   99
68.0400   132
68.0600   122
68.0800   108
68.1000   124
68.1200   110
68.1400   102
68.1600   86
68.1800   124
68.2000   106
68.2200   84
68.2400   105
68.2600   97
68.2800   99
68.3000   85
68.3200   87
68.3400   79
68.3600   92
68.3800   91
68.4000   66
68.4200   87
68.4400   90
68.4600   97
68.4800   84
68.5000   70
68.5200   68
68.5400   77
68.5600   78
68.5800   68
68.6000   61
68.6200   61
68.6400   67
68.6600   71
68.6800   65
68.7000   56
68.7200   64
68.7400   70
68.7600   51
68.7800   71
68.8000   56
68.8200   57
68.8400   53
68.8600   72
68.8800   69
68.9000   41
68.9200   61
68.9400   38
68.9600   40
68.9800   38
69.0000   46
69.0200   60
69.0400   36
69.0600   43
69.0800   45
69.1000   33
69.1200   48
69.1400   31
69.1600   31
69.1800   25
69.2000   35
69.2200   29
69.2400   33
69.2600   40
69.2800   33
69.3000   22
69.3200   27
69.3400   25
69.3600   30
69.3800   18
69.4000   25
69.4200   22
69.4400   21
69.4600   19
69.4800   30
69.5000   25
69.5200   18
69.5400   20
69.5600   31
69.5800   27
69.6000   17
69.6200   26
69.6400   17
69.6600   20
69.6800   18
69.7000   28
69.7200   20
69.7400   17
69.7600   15
69.7800   17
69.8000   17
69.8200   20
69.8400   15
69.8600   18
69.8800   15
69.9000   10
69.9200   15
69.9400   13
69.9600   16
69.9800   16
70.0000   13
70.0200   18
70.0400   17
70.0600   14
70.0800   11
70.1000   9
70.1200   11
70.1400   11
70.1600   13
70.1800   15
70.2000   18
70.2200   14
70.2400   6
70.2600   14
70.2800   10
70.3000   9
70.3200   12
70.3400   6
70.3600   11
70.3800   10
70.4000   4
70.4200   14
70.4400   9
70.4600   11
70.4800   5
70.5000   14
70.5200   5
70.5400   13
70.5600   3
70.5800   7
70.6000   9
70.6200   13
70.6400   7
70.6600   8
70.6800   5
70.7000   10
70.7200   7
70.7400   12
70.7600   8
70.7800   4
70.8000   12
70.8200   3
70.8400   7
70.8600   4
70.8800   9
70.9000   8
70.9200   2
70.9400   8
70.9600   6
70.9800   7
71.0000   6
71.0200   7
71.0400   6
71.0600   7
71.0800   9
71.1000   8
71.1200   2
71.1400   5
71.1600   3
71.1800   7
71.2000   2
71.2200   1
71.2400   7
71.2600   6
71.2800   5
71.3000   5
71.3200   4
71.3400   4
71.3600   5
71.3800   5
71.4000   5
71.4200   2
71.4400   7
71.4600   4
71.4800   6
71.5000   8
71.5200   4
71.5400   5
71.5600   7
71.5800   3
71.6000   2
71.6200   2
71.6400   2
71.6600   2
71.6800   2
71.7000   4
71.7200   7
71.7400   1
71.7600   8
71.7800   5
71.8000   5
71.8200   4
71.8400   3
71.8600   3
71.8800   2
71.9000   7
71.9200   4
71.9400   1
71.9600   4
71.9800   5
72.0000   1
72.0200   3
72.0400   5
72.0600   6
72.0800   2
72.1000   4
72.1200   5
72.1400   3
72.1600   3
72.1800   4
72.2000   1
72.2200   4
72.2400   4
72.2600   5
72.2800   6
72.3000   1
72.3200   7
72.3400   1
72.3600   2
72.3800   5
72.4000   3
72.4200   2
72.4400   4
72.4600   2
72.4800   4
72.5000   5
72.5200   5
72.5400   4
72.5600   6
72.5800   3
72.6000   3
72.6200   2
72.6400   3
72.6600   1
72.6800   0
72.7000   3
72.7200   5
72.7400   1
72.7600   1
72.7800   2
72.8000   3
72.8200   3
72.8400   4
72.8600   3
72.8800   4
72.9000   5
72.9200   3
72.9400   3
72.9600   2
72.9800   5
73.0000   4
73.0200   2
73.0400   6
73.0600   3
73.0800   3
73.1000   3
73.1200   4
73.1400   2
73.1600   3
73.1800   2
73.2000   3
73.2200   3
73.2400   1
73.2600   1
73.2800   2
73.3000   2
73.3200   2
73.3400   1
73.3600   4
73.3800   5
73.4000   3
73.4200   1
73.4400   1
73.4600   2
73.4800   6
73.5000   3
73.5200   4
73.5400   1
73.5600   2
73.5800   2
73.6000   3
73.6200   1
73.6400   3
73.6600   3
73.6800   2
73.7000   1
73.7200   4
73.7400   0
73.7600   2
73.7800   5
73.8000   2
73.8200   3
73.8400   4
73.8600   3
73.8800   2
73.9000   3
73.9200   4
73.9400   0
73.9600   2
73.9800   2
74.0000   4
74.0200   1
74.0400   3
74.0600   3
74.0800   1
74.1000   2
74.1200   4
74.1400   1
74.1600   3
74.1800   3
74.2000   3
74.2200   3
74.2400   4
74.2600   0
74.2800   1
74.3000   2
74.3200   1
74.3400   0
74.3600   3
74.3800   2
74.4000   2
74.4200   2
74.4400   2
74.4600   3
74.4800   0
74.5000   1
74.5200   0
74.5400   2
74.5600   3
74.5800   3
74.6000   1
74.6200   1
74.6400   2
74.6600   2
74.6800   6
74.7000   3
74.7200   1
74.7400   2
74.7600   2
74.7800   2
74.8000   0
74.8200   1
74.8400   1
74.8600   2
74.8800   5
74.9000   1
74.9200   2
74.9400   1
74.9600   3
74.9800   2
75.0000   3
75.0200   2
75.0400   3
75.0600   4
75.0800   2
75.1000   2
75.1200   3
75.1400   2
75.1600   3
75.1800   1
75.2000   1
75.2200   4
75.2400   1
75.2600   2
75.2800   1
75.3000   1
75.3200   2
75.3400   3
75.3600   1
75.3800   0
75.4000   5
75.4200   4
75.4400   5
75.4600   4
75.4800   1
75.5000   3
75.5200   6
75.5400   0
75.5600   0
75.5800   3
75.6000   3
75.6200   3
75.6400   7
75.6600   3
75.6800   4
75.7000   3
75.7200   2
75.7400   1
75.7600   4
75.7800   2
75.8000   0
75.8200   1
75.8400   1
75.8600   2
75.8800   3
75.9000   4
75.9200   2
75.9400   0
75.9600   1
75.9800   2
76.0000   1
76.0200   2
76.0400   3
76.0600   3
76.0800   2
76.1000   2
76.1200   2
76.1400   2
76.1600   0
76.1800   1
76.2000   5
76.2200   1
76.2400   0
76.2600   2
76.2800   0
76.3000   1
76.3200   2
76.3400   3
76.3600   2
76.3800   2
76.4000   4
76.4200   0
76.4400   3
76.4600   0
76.4800   1
76.5000   4
76.5200   0
76.5400   2
76.5600   4
76.5800   2
76.6000   1
76.6200   0
76.6400   1
76.6600   1
76.6800   1
76.7000   0
76.7200   3
76.7400   1
76.7600   1
76.7800   2
76.8000   2
76.8200   1
76.8400   0
76.8600   1
76.8800   2
76.9000   2
76.9200   1
76.9400   3
76.9600   1
76.9800   0
77.0000   5
77.0200   3
77.0400   1
77.0600   3
77.0800   1
77.1000   1
77.1200   5
77.1400   0
77.1600   0
77.1800   4
77.2000   0
77.2200   1
77.2400   1
77.2600   2
77.2800   0
77.3000   5
77.3200   3
77.3400   1
77.3600   0
77.3800   2
77.4000   2
77.4200   2
77.4400   1
77.4600   0
77.4800   1
77.5000   1
77.5200   1
77.5400   0
77.5600   5
77.5800   1
77.6000   0
77.6200   1
77.6400   1
77.6600   2
77.6800   2
77.7000   1
77.7200   1
77.7400   3
77.7600   3
77.7800   1
77.8000   0
77.8200   0
77.8400   2
77.8600   2
77.8800   1
77.9000   0
77.9200   2
77.9400   4
77.9600   0
77.9800   1
78.0000   0
78.0200   1
78.0400   1
78.0600   1
78.0800   1
78.1000   3
78.1200   1
78.1400   0
78.1600   2
78.1800   3
78.2000   1
78.2200   4
78.2400   3
78.2600   0
78.2800   1
78.3000   3
78.3200   0
78.3400   5
78.3600   0
78.3800   3
78.4000   2
78.4200   3
78.4400   1
78.4600   1
78.4800   1
78.5000   1
78.5200   1
78.5400   3
78.5600   6
78.5800   0
78.6000   1
78.6200   1
78.6400   1
78.6600   2
78.6800   0
78.7000   3
78.7200   1
78.7400   1
78.7600   3
78.7800   0
78.8000   2
78.8200   2
78.8400   3
78.8600   0
78.8800   1
78.9000   1
78.9200   0
78.9400   1
78.9600   3
78.9800   1
79.0000   2
79.0200   3
79.0400   0
79.0600   3
79.0800   0
79.1000   0
79.1200   0
79.1400   3
79.1600   1
79.1800   0
79.2000   0
79.2200   2
79.2400   1
79.2600   2
79.2800   1
79.3000   3
79.3200   1
79.3400   0
79.3600   1
79.3800   3
79.4000   1
79.4200   1
79.4400   2
79.4600   0
79.4800   2
79.5000   0
79.5200   2
79.5400   0
79.5600   1
79.5800   0
79.6000   0
79.6200   0
79.6400   2
79.6600   2
79.6800   0
79.7000   1
79.7200   0
79.7400   1
79.7600   2
79.7800   0
79.8000   2
79.8200   0
79.8400   0
79.8600   5
79.8800   2
79.9000   2
79.9200   1
79.9400   1
79.9600   1
79.9800   0
80.0000   2
80.0200   4
80.0400   0
80.0600   1
80.0800   3
80.1000   0
80.1200   2
80.1400   1
80.1600   2
80.1800   1
80.2000   1
80.2200   0
80.2400   0
80.2600   1
80.2800   0
80.3000   0
80.3200   1
80.3400   2
80.3600   1
80.3800   0
80.4000   1
80.4200   0
80.4400   1
80.4600   2
80.4800   3
80.5000   1
80.5200   0
80.5400   0
80.5600   0
80.5800   0
80.6000   3
80.6200   1
80.6400   1
80.6600   0
80.6800   2
80.7000   4
80.7200   1
80.7400   1
80.7600   0
80.7800   2
80.8000   2
80.8200   0
80.8400   3
80.8600   4
80.8800   3
80.9000   2
80.9200   1
80.9400   0
80.9600   1
80.9800   1
81.0000   1
81.0200   1
81.0400   0
81.0600   1
81.0800   1
81.1000   4
81.1200   3
81.1400   3
81.1600   1
81.1800   2
81.2000   0
81.2200   2
81.2400   0
81.2600   1
81.2800   1
81.3000   1
81.3200   2
81.3400   2
81.3600   1
81.3800   1
81.4000   0
81.4200   0
81.4400   2
81.4600   1
81.4800   1
81.5000   2
81.5200   0
81.5400   1
81.5600   0
81.5800   1
81.6000   2
81.6200   1
81.6400   2
81.6600   1
81.6800   3
81.7000   3
81.7200   2
81.7400   0
81.7600   1
81.7800   1
81.8000   0
81.8200   4
81.8400   0
81.8600   1
81.8800   1
81.9000   0
81.9200   1
81.9400   3
81.9600   1
81.9800   1
82.0000   1
82.0200   2
82.0400   2
82.0600   2
82.0800   2
82.1000   0
82.1200   2
82.1400   2
82.1600   2
82.1800   0
82.2000   1
82.2200   1
82.2400   1
82.2600   4
82.2800   4
82.3000   2
82.3200   0
82.3400   1
82.3600   0
82.3800   1
82.4000   1
82.4200   1
82.4400   3
82.4600   1
82.4800   3
82.5000   1
82.5200   2
82.5400   1
82.5600   0
82.5800   1
82.6000   0
82.6200   2
82.6400   0
82.6600   2
82.6800   1
82.7000   2
82.7200   2
82.7400   2
82.7600   0
82.7800   3
82.8000   0
82.8200   2
82.8400   1
82.8600   0
82.8800   4
82.9000   1
82.9200   1
82.9400   0
82.9600   2
82.9800   2
83.0000   2
83.0200   0
83.0400   1
83.0600   0
83.0800   1
83.1000   0
83.1200   2
83.1400   0
83.1600   0
83.1800   0
83.2000   1
83.2200   1
83.2400   1
83.2600   2
83.2800   1
83.3000   3
83.3200   2
83.3400   2
83.3600   1
83.3800   2
83.4000   1
83.4200   2
83.4400   2
83.4600   1
83.4800   1
83.5000   1
83.5200   0
83.5400   1
83.5600   0
83.5800   1
83.6000   0
83.6200   0
83.6400   1
83.6600   0
83.6800   1
83.7000   3
83.7200   4
83.7400   2
83.7600   1
83.7800   0
83.8000   2
83.8200   2
83.8400   2
83.8600   0
83.8800   2
83.9000   0
83.9200   2
83.9400   2
83.9600   2
83.9800   1
84.0000   1
84.0200   3
84.0400   2
84.0600   0
84.0800   0
84.1000   1
84.1200   2
84.1400   2
84.1600   2
84.1800   1
84.2000   1
84.2200   0
84.2400   1
84.2600   2
84.2800   2
84.3000   1
84.3200   0
84.3400   0
84.3600   1
84.3800   0
84.4000   1
84.4200   1
84.4400   1
84.4600   2
84.4800   1
84.5000   2
84.5200   1
84.5400   4
84.5600   0
84.5800   3
84.6000   0
84.6200   1
84.6400   1
84.6600   1
84.6800   1
84.7000   3
84.7200   0
84.7400   1
84.7600   1
84.7800   1
84.8000   1
84.8200   0
84.8400   1
84.8600   2
84.8800   1
84.9000   1
84.9200   2
84.9400   0
84.9600   2
84.9800   2
85.0000   3
85.0200   0
85.0400   1
85.0600   4
85.0800   1
85.1000   1
85.1200   1
85.1400   1
85.1600   1
85.1800   1
85.2000   1
85.2200   3
85.2400   2
85.2600   2
85.2800   1
85.3000   0
85.3200   0
85.3400   1
85.3600   2
85.3800   2
85.4000   1
85.4200   1
85.4400   0
85.4600   1
85.4800   0
85.5000   2
85.5200   0
85.5400   0
85.5600   4
85.5800   1
85.6000   4
85.6200   1
85.6400   4
85.6600   4
85.6800   1
85.7000   0
85.7200   0
85.7400   1
85.7600   1
85.7800   0
85.8000   0
85.8200   2
85.8400   2
85.8600   1
85.8800   2
85.9000   0
85.9200   1
85.9400   0
85.9600   3
85.9800   0
86.0000   0
86.0200   2
86.0400   0
86.0600   0
86.0800   1
86.1000   3
86.1200   0
86.1400   1
86.1600   1
86.1800   0
86.2000   0
86.2200   0
86.2400   0
86.2600   2
86.2800   1
86.3000   1
86.3200   0
86.3400   1
86.3600   0
86.3800   0
86.4000   0
86.4200   0
86.4400   1
86.4600   0
86.4800   0
86.5000   1
86.5200   1
86.5400   0
86.5600   1
86.5800   1
86.6000   0
86.6200   0
86.6400   2
86.6600   1
86.6800   0
86.7000   0
86.7200   0
86.7400   1
86.7600   3
86.7800   1
86.8000   0
86.8200   1
86.8400   3
86.8600   1
86.8800   1
86.9000   1
86.9200   2
86.9400   4
86.9600   0
86.9800   2
87.0000   1
87.0200   0
87.0400   3
87.0600   2
87.0800   1
87.1000   3
87.1200   1
87.1400   2
87.1600   0
87.1800   1
87.2000   0
87.2200   3
87.2400   1
87.2600   0
87.2800   1
87.3000   0
87.3200   0
87.3400   2
87.3600   0
87.3800   1
87.4000   0
87.4200   3
87.4400   1
87.4600   0
87.4800   1
87.5000   1
87.5200   0
87.5400   0
87.5600   1
87.5800   1
87.6000   1
87.6200   0
87.6400   0
87.6600   1
87.6800   1
87.7000   1
87.7200   1
87.7400   1
87.7600   0
87.7800   2
87.8000   0
87.8200   1
87.8400   0
87.8600   1
87.8800   0
87.9000   0
87.9200   2
87.9400   1
87.9600   0
87.9800   0
88.0000   0
88.0200   0
88.0400   2
88.0600   3
88.0800   2
88.1000   2
88.1200   0
88.1400   3
88.1600   0
88.1800   2
88.2000   0
88.2200   1
88.2400   0
88.2600   0
88.2800   3
88.3000   0
88.3200   1
88.3400   1
88.3600   0
88.3800   2
88.4000   2
88.4200   2
88.4400   1
88.4600   2
88.4800   1
88.5000   2
88.5200   1
88.5400   1
88.5600   0
88.5800   1
88.6000   1
88.6200   0
88.6400   1
88.6600   2
88.6800   0
88.7000   2
88.7200   1
88.7400   3
88.7600   2
88.7800   1
88.8000   1
88.8200   2
88.8400   1
88.8600   1
88.8800   3
88.9000   1
88.9200   2
88.9400   0
88.9600   1
88.9800   2
89.0000   1
89.0200   1
89.0400   0
89.0600   2
89.0800   2
89.1000   0
89.1200   4
89.1400   2
89.1600   0
89.1800   3
89.2000   0
89.2200   5
89.2400   1
89.2600   0
89.2800   2
89.3000   1
89.3200   0
89.3400   3
89.3600   3
89.3800   2
89.4000   0
89.4200   1
89.4400   0
89.4600   1
89.4800   3
89.5000   0
89.5200   1
89.5400   2
89.5600   0
89.5800   1
89.6000   2
89.6200   0
89.6400   2
89.6600   1
89.6800   1
89.7000   1
89.7200   1
89.7400   1
89.7600   1
89.7800   0
89.8000   3
89.8200   2
89.8400   1
89.8600   1
89.8800   2
89.9000   0
89.9200   2
89.9400   1
89.9600   0
89.9800   2
90.0000   1
90.0200   2
90.0400   3
90.0600   2
90.0800   1
90.1000   3
90.1200   0
90.1400   1
90.1600   2
90.1800   3
90.2000   1
90.2200   1
90.2400   1
90.2600   2
90.2800   0
90.3000   2
90.3200   2
90.3400   3
90.3600   1
90.3800   1
90.4000   1
90.4200   2
90.4400   1
90.4600   0
90.4800   1
90.5000   1
90.5200   0
90.5400   1
90.5600   2
90.5800   2
90.6000   1
90.6200   2
90.6400   0
90.6600   1
90.6800   1
90.7000   2
90.7200   1
90.7400   1
90.7600   0
90.7800   1
90.8000   2
90.8200   3
90.8400   1
90.8600   4
90.8800   3
90.9000   1
90.9200   4
90.9400   3
90.9600   0
90.9800   2
91.0000   1
91.0200   1
91.0400   2
91.0600   2
91.0800   1
91.1000   0
91.1200   2
91.1400   0
91.1600   2
91.1800   0
91.2000   0
91.2200   1
91.2400   0
91.2600   2
91.2800   2
91.3000   2
91.3200   2
91.3400   1
91.3600   2
91.3800   0
91.4000   3
91.4200   1
91.4400   1
91.4600   3
91.4800   2
91.5000   1
91.5200   0
91.5400   1
91.5600   3
91.5800   1
91.6000   3
91.6200   0
91.6400   1
91.6600   0
91.6800   2
91.7000   0
91.7200   2
91.7400   1
91.7600   1
91.7800   0
91.8000   3
91.8200   2
91.8400   0
91.8600   1
91.8800   1
91.9000   3
91.9200   3
91.9400   1
91.9600   1
91.9800   1
92.0000   2
92.0200   0
92.0400   1
92.0600   2
92.0800   3
92.1000   0
92.1200   4
92.1400   2
92.1600   2
92.1800   0
92.2000   1
92.2200   2
92.2400   1
92.2600   1
92.2800   2
92.3000   2
92.3200   2
92.3400   0
92.3600   0
92.3800   2
92.4000   1
92.4200   1
92.4400   1
92.4600   1
92.4800   1
92.5000   2
92.5200   1
92.5400   1
92.5600   2
92.5800   0
92.6000   0
92.6200   2
92.6400   2
92.6600   1
92.6800   2
92.7000   1
92.7200   1
92.7400   0
92.7600   1
92.7800   4
92.8000   1
92.8200   0
92.8400   0
92.8600   2
92.8800   2
92.9000   1
92.9200   1
92.9400   1
92.9600   0
92.9800   1
93.0000   3
93.0200   3
93.0400   1
93.0600   0
93.0800   1
93.1000   1
93.1200   1
93.1400   1
93.1600   2
93.1800   1
93.2000   0
93.2200   0
93.2400   1
93.2600   2
93.2800   1
93.3000   1
93.3200   1
93.3400   0
93.3600   0
93.3800   3
93.4000   1
93.4200   3
93.4400   1
93.4600   2
93.4800   2
93.5000   3
93.5200   1
93.5400   0
93.5600   1
93.5800   0
93.6000   2
93.6200   0
93.6400   1
93.6600   1
93.6800   2
93.7000   0
93.7200   2
93.7400   0
93.7600   1
93.7800   0
93.8000   3
93.8200   2
93.8400   2
93.8600   0
93.8800   2
93.9000   1
93.9200   2
93.9400   0
93.9600   2
93.9800   0
94.0000   1
94.0200   1
94.0400   2
94.0600   5
94.0800   1
94.1000   1
94.1200   0
94.1400   1
94.1600   2
94.1800   0
94.2000   2
94.2200   0
94.2400   0
94.2600   2
94.2800   3
94.3000   1
94.3200   1
94.3400   2
94.3600   1
94.3800   0
94.4000   3
94.4200   0
94.4400   2
94.4600   2
94.4800   4
94.5000   1
94.5200   3
94.5400   2
94.5600   1
94.5800   0
94.6000   3
94.6200   1
94.6400   1
94.6600   1
94.6800   0
94.7000   1
94.7200   0
94.7400   2
94.7600   2
94.7800   0
94.8000   2
94.8200   0
94.8400   1
94.8600   3
94.8800   2
94.9000   2
94.9200   0
94.9400   1
94.9600   0
94.9800   1
95.0000   2
95.0200   0
95.0400   1
95.0600   2
95.0800   2
95.1000   2
95.1200   2
95.1400   2
95.1600   1
95.1800   1
95.2000   1
95.2200   2
95.2400   2
95.2600   2
95.2800   0
95.3000   0
95.3200   5
95.3400   2
95.3600   1
95.3800   0
95.4000   0
95.4200   2
95.4400   2
95.4600   1
95.4800   1
95.5000   1
95.5200   0
95.5400   0
95.5600   0
95.5800   1
95.6000   1
95.6200   2
95.6400   1
95.6600   2
95.6800   3
95.7000   4
95.7200   2
95.7400   4
95.7600   5
95.7800   5
95.8000   3
95.8200   3
95.8400   3
95.8600   4
95.8800   0
95.9000   3
95.9200   0
95.9400   3
95.9600   1
95.9800   3
96.0000   1
96.0200   1
96.0400   1
96.0600   2
96.0800   2
96.1000   1
96.1200   3
96.1400   1
96.1600   2
96.1800   2
96.2000   2
96.2200   2
96.2400   2
96.2600   0
96.2800   1
96.3000   0
96.3200   1
96.3400   0
96.3600   4
96.3800   0
96.4000   2
96.4200   2
96.4400   4
96.4600   1
96.4800   0
96.5000   2
96.5200   1
96.5400   1
96.5600   0
96.5800   3
96.6000   3
96.6200   0
96.6400   2
96.6600   4
96.6800   2
96.7000   1
96.7200   0
96.7400   5
96.7600   1
96.7800   0
96.8000   1
96.8200   4
96.8400   0
96.8600   1
96.8800   0
96.9000   2
96.9200   2
96.9400   1
96.9600   2
96.9800   1
97.0000   1
97.0200   0
97.0400   1
97.0600   1
97.0800   1
97.1000   0
97.1200   3
97.1400   1
97.1600   3
97.1800   0
97.2000   0
97.2200   1
97.2400   1
97.2600   0
97.2800   0
97.3000   0
97.3200   2
97.3400   4
97.3600   2
97.3800   2
97.4000   4
97.4200   1
97.4400   1
97.4600   1
97.4800   2
97.5000   1
97.5200   0
97.5400   4
97.5600   1
97.5800   0
97.6000   0
97.6200   2
97.6400   0
97.6600   1
97.6800   2
97.7000   1
97.7200   0
97.7400   2
97.7600   3
97.7800   0
97.8000   3
97.8200   0
97.8400   2
97.8600   0
97.8800   1
97.9000   2
97.9200   1
97.9400   1
97.9600   1
97.9800   0
98.0000   1
98.0200   4
98.0400   1
98.0600   2
98.0800   2
98.1000   4
98.1200   2
98.1400   2
98.1600   2
98.1800   1
98.2000   1
98.2200   0
98.2400   2
98.2600   1
98.2800   2
98.3000   5
98.3200   2
98.3400   0
98.3600   3
98.3800   0
98.4000   0
98.4200   0
98.4400   1
98.4600   2
98.4800   1
98.5000   2
98.5200   2
98.5400   2
98.5600   1
98.5800   0
98.6000   0
98.6200   1
98.6400   0
98.6600   1
98.6800   3
98.7000   1
98.7200   0
98.7400   0
98.7600   2
98.7800   0
98.8000   1
98.8200   2
98.8400   1
98.8600   1
98.8800   1
98.9000   2
98.9200   3
98.9400   2
98.9600   1
98.9800   1
99.0000   0
99.0200   2
99.0400   3
99.0600   0
99.0800   3
99.1000   3
99.1200   2
99.1400   2
99.1600   3
99.1800   7
99.2000   1
99.2200   2
99.2400   0
99.2600   1
99.2800   0
99.3000   6
99.3200   2
99.3400   0
99.3600   4
99.3800   2
99.4000   1
99.4200   1
99.4400   3
99.4600   4
99.4800   5
99.5000   2
99.5200   1
99.5400   1
99.5600   0
99.5800   3
99.6000   4
99.6200   2
99.6400   3
99.6600   2
99.6800   4
99.7000   3
99.7200   1
99.7400   6
99.7600   2
99.7800   2
99.8000   3
99.8200   2
99.8400   4
99.8600   4
99.8800   2
99.9000   1
99.9200   2
99.9400   5
99.9600   2
99.9800   3
100.0000   4
