20.0000   6
20.0200   7
20.0400   9
20.0600   13
20.0800   9
20.1000   9
20.1200   10
20.1400   10
20.1600   9
20.1800   15
20.2000   9
20.2200   9
20.2400   14
20.2600   10
20.2800   8
20.3000   11
20.3200   12
20.3400   9
20.3600   9
20.3800   8
20.4000   8
20.4200   12
20.4400   13
20.4600   9
20.4800   8
20.5000   15
20.5200   11
20.5400   11
20.5600   7
20.5800   12
20.6000   5
20.6200   11
20.6400   10
20.6600   8
20.6800   8
20.7000   13
20.7200   12
20.7400   7
20.7600   9
20.7800   9
20.8000   5
20.8200   9
20.8400   6
20.8600   11
20.8800   13
20.9000   8
20.9200   11
20.9400   14
20.9600   7
20.9800   8
21.0000   6
21.0200   9
21.0400   9
21.0600   4
21.0800   6
21.1000   11
21.1200   9
21.1400   9
21.1600   5
21.1800   11
21.2000   8
21.2200   11
21.2400   13
21.2600   7
21.2800   9
21.3000   12
21.3200   10
21.3400   12
21.3600   9
21.3800   16
21.4000   8
21.4200   9
21.4400   5
21.4600   6
21.4800   10
21.5000   13
21.5200   13
21.5400   7
21.5600   8
21.5800   5
21.6000   10
21.6200   12
21.6400   8
21.6600   5
21.6800   14
21.7000   11
21.7200   6
21.7400   8
21.7600   9
21.7800   12
21.8000   5
21.8200   10
21.8400   6
21.8600   7
21.8800   6
21.9000   8
21.9200   3
21.9400   7
21.9600   5
21.9800   10
22.0000   7
22.0200   7
22.0400   7
22.0600   8
22.0800   13
22.1000   4
22.1200   11
22.1400   7
22.1600   5
22.1800   8
22.2000   9
22.2200   10
22.2400   6
22.2600   7
22.2800   5
22.3000   5
22.3200   5
22.3400   9
22.3600   6
22.3800   13
22.4000   8
22.4200   3
22.4400   11
22.4600   8
22.4800   2
22.5000   3
22.5200   3
22.5400   8
22.5600   4
22.5800   9
22.6000   7
22.6200   4
22.6400   10
22.6600   8
22.6800   6
22.7000   7
22.7200   3
22.7400   4
22.7600   7
22.7800   9
22.8000   6
22.8200   3
22.8400   10
22.8600   5
22.8800   6
22.9000   6
22.9200   11
22.9400   7
22.9600   5
22.9800   8
23.0000   2
23.0200   6
23.0400   5
23.0600   3
23.0800   6
23.1000   6
23.1200   7
23.1400   6
23.1600   3
23.1800   9
23.2000   4
23.2200   2
23.2400   8
23.2600   10
23.2800   5
23.3000   1
23.3200   6
23.3400   3
23.3600   9
23.3800   8
23.4000   4
23.4200   5
23.4400   8
23.4600   7
23.4800   5
23.5000   4
23.5200   7
23.5400   8
23.5600   0
23.5800   2
23.6000   5
23.6200   5
23.6400   2
23.6600   8
23.6800   7
23.7000   2
23.7200   6
23.7400   7
23.7600   6
23.7800   5
23.8000   8
23.8200   5
23.8400   9
23.8600   8
23.8800   6
23.9000   7
23.9200   4
23.9400   5
23.9600   3
23.9800   8
24.0000   3
24.0200   1
24.0400   4
24.0600   6
24.0800   3
24.1000   5
24.1200   4
24.1400   4
24.1600   3
24.1800   3
24.2000   8
24.2200   5
24.2400   7
24.2600   5
24.2800   2
24.3000   2
24.3200   5
24.3400   3
24.3600   2
24.3800   3
24.4000   6
24.4200   6
24.4400   3
24.4600   3
24.4800   7
24.5000   3
24.5200   8
24.5400   2
24.5600   3
24.5800   0
24.6000   5
24.6200   6
24.6400   5
24.6600   5
24.6800   6
24.7000   2
24.7200   1
24.7400   7
24.7600   5
24.7800   6
24.8000   7
24.8200   3
24.8400   5
24.8600   2
24.8800   2
24.9000   1
24.9200   4
24.9400   1
24.9600   7
24.9800   3
25.0000   1
25.0200   3
25.0400   3
25.0600   4
25.0800   2
25.1000   3
25.1200   2
25.1400   4
25.1600   6
25.1800   2
25.2000   4
25.2200   5
25.2400   5
25.2600   5
25.2800   6
25.3000   0
25.3200   1
25.3400   4
25.3600   2
25.3800   5
25.4000   3
25.4200   2
25.4400   6
25.4600   4
25.4800   1
25.5000   2
25.5200   4
25.5400   5
25.5600   4
25.5800   3
25.6000   5
25.6200   5
25.6400   6
25.6600   3
25.6800   2
25.7000   0
25.7200   4
25.7400   2
25.7600   2
25.7800   2
25.8000   2
25.8200   3
25.8400   5
25.8600   3
25.8800   5
25.9000   8
25.9200   4
25.9400   6
25.9600   2
25.9800   2
26.0000   3
26.0200   5
26.0400   4
26.0600   1
26.0800   1
26.1000   3
26.1200   5
26.1400   6
26.1600   3
26.1800   2
26.2000   3
26.2200   7
26.2400   3
26.2600   0
26.2800   1
26.3000   5
26.3200   3
26.3400   2
26.3600   4
26.3800   4
26.4000   2
26.4200   3
26.4400   4
26.4600   2
26.4800   4
26.5000   2
26.5200   3
26.5400   1
26.5600   1
26.5800   3
26.6000   5
26.6200   3
26.6400   5
26.6600   6
26.6800   3
26.7000   3
26.7200   2
26.7400   2
26.7600   0
26.7800   1
26.8000   7
26.8200   7
26.8400   4
26.8600   1
26.8800   2
26.9000   3
26.9200   3
26.9400   1
26.9600   5
26.9800   4
27.0000   1
27.0200   6
27.0400   6
27.0600   2
27.0800   0
27.1000   4
27.1200   4
27.1400   2
27.1600   4
27.1800   6
27.2000   6
27.2200   5
27.2400   2
27.2600   5
27.2800   2
27.3000   6
27.3200   5
27.3400   6
27.3600   2
27.3800   5
27.4000   4
27.4200   1
27.4400   7
27.4600   3
27.4800   4
27.5000   5
27.5200   4
27.5400   8
27.5600   7
27.5800   9
27.6000   3
27.6200   7
27.6400   9
27.6600   9
27.6800   5
27.7000   11
27.7200   5
27.7400   6
27.7600   2
27.7800   9
27.8000   7
27.8200   6
27.8400   7
27.8600   7
27.8800   6
27.9000   10
27.9200   6
27.9400   6
27.9600   9
27.9800   10
28.0000   10
28.0200   7
28.0400   16
28.0600   8
28.0800   10
28.1000   10
28.1200   13
28.1400   27
28.1600   39
28.1800   48
28.2000   59
28.2200   74
28.2400   116
28.2600   199
28.2800   403
28.3000   598
28.3200   646
28.3400   734
28.3600   921
28.3800   977
28.4000   1023
28.4200   995
28.4400   737
28.4600   509
28.4800   395
28.5000   351
28.5200   164
28.5400   69
28.5600   33
28.5800   27
28.6000   20
28.6200   24
28.6400   24
28.6600   14
28.6800   13
28.7000   9
28.7200   12
28.7400   5
28.7600   4
28.7800   6
28.8000   3
28.8200   5
28.8400   6
28.8600   5
28.8800   2
28.9000   5
28.9200   4
28.9400   5
28.9600   3
28.9800   6
29.0000   3
29.0200   6
29.0400   6
29.0600   4
29.0800   4
29.1000   3
29.1200   1
29.1400   1
29.1600   2
29.1800   2
29.2000   3
29.2200   1
29.2400   4
29.2600   3
29.2800   1
29.3000   6
29.3200   2
29.3400   2
29.3600   3
29.3800   0
29.4000   4
29.4200   2
29.4400   3
29.4600   1
29.4800   2
29.5000   1
29.5200   1
29.5400   1
29.5600   3
29.5800   1
29.6000   3
29.6200   2
29.6400   1
29.6600   3
29.6800   5
29.7000   4
29.7200   6
29.7400   0
29.7600   3
29.7800   2
29.8000   0
29.8200   6
29.8400   2
29.8600   6
29.8800   6
29.9000   4
29.9200   1
29.9400   4
29.9600   2
29.9800   0
30.0000   2
30.0200   6
30.0400   4
30.0600   1
30.0800   3
30.1000   1
30.1200   5
30.1400   3
30.1600   0
30.1800   1
30.2000   2
30.2200   2
30.2400   1
30.2600   3
30.2800   1
30.3000   0
30.3200   3
30.3400   2
30.3600   0
30.3800   1
30.4000   4
30.4200   2
30.4400   3
30.4600   6
30.4800   2
30.5000   0
30.5200   2
30.5400   2
30.5600   1
30.5800   2
30.6000   4
30.6200   0
30.6400   2
30.6600   3
30.6800   4
30.7000   3
30.7200   2
30.7400   2
30.7600   1
30.7800   2
30.8000   3
30.8200   7
30.8400   2
30.8600   4
30.8800   3
30.9000   3
30.9200   1
30.9400   2
30.9600   2
30.9800   1
31.0000   3
31.0200   0
31.0400   3
31.0600   3
31.0800   4
31.1000   2
31.1200   1
31.1400   3
31.1600   0
31.1800   1
31.2000   2
31.2200   3
31.2400   1
31.2600   2
31.2800   4
31.3000   1
31.3200   2
31.3400   1
31.3600   2
31.3800   0
31.4000   0
31.4200   0
31.4400   1
31.4600   3
31.4800   2
31.5000   2
31.5200   2
31.5400   1
31.5600   5
31.5800   2
31.6000   1
31.6200   4
31.6400   6
31.6600   2
31.6800   2
31.7000   3
31.7200   2
31.7400   7
31.7600   1
31.7800   1
31.8000   0
31.8200   3
31.8400   1
31.8600   1
31.8800   3
31.9000   2
31.9200   1
31.9400   1
31.9600   1
31.9800   2
32.0000   1
32.0200   1
32.0400   1
32.0600   2
32.0800   1
32.1000   2
32.1200   1
32.1400   2
32.1600   2
32.1800   1
32.2000   2
32.2200   0
32.2400   5
32.2600   2
32.2800   3
32.3000   0
32.3200   1
32.3400   1
32.3600   2
32.3800   2
32.4000   3
32.4200   0
32.4400   0
32.4600   2
32.4800   1
32.5000   0
32.5200   0
32.5400   0
32.5600   2
32.5800   2
32.6000   0
32.6200   2
32.6400   8
32.6600   3
32.6800   2
32.7000   3
32.7200   1
32.7400   1
32.7600   1
32.7800   1
32.8000   2
32.8200   1
32.8400   1
32.8600   2
32.8800   4
32.9000   1
32.9200   5
32.9400   3
32.9600   2
32.9800   2
33.0000   2
33.0200   3
33.0400   2
33.0600   4
33.0800   3
33.1000   0
33.1200   2
33.1400   4
33.1600   3
33.1800   2
33.2000   3
33.2200   1
33.2400   3
33.2600   5
33.2800   3
33.3000   1
33.3200   4
33.3400   3
33.3600   3
33.3800   0
33.4000   1
33.4200   6
33.4400   2
33.4600   4
33.4800   1
33.5000   1
33.5200   3
33.5400   4
33.5600   1
33.5800   1
33.6000   0
33.6200   1
33.6400   1
33.6600   2
33.6800   3
33.7000   2
33.7200   5
33.7400   2
33.7600   1
33.7800   2
33.8000   0
33.8200   8
33.8400   3
33.8600   0
33.8800   1
33.9000   0
33.9200   2
33.9400   2
33.9600   2
33.9800   1
34.0000   3
34.0200   3
34.0400   2
34.0600   2
34.0800   4
34.1000   3
34.1200   1
34.1400   1
34.1600   2
34.1800   2
34.2000   2
34.2200   3
34.2400   0
34.2600   2
34.2800   2
34.3000   3
34.3200   1
34.3400   1
34.3600   3
34.3800   1
34.4000   2
34.4200   2
34.4400   3
34.4600   0
34.4800   1
34.5000   4
34.5200   3
34.5400   1
34.5600   1
34.5800   3
34.6000   4
34.6200   3
34.6400   3
34.6600   0
34.6800   3
34.7000   1
34.7200   1
34.7400   2
34.7600   3
34.7800   3
34.8000   0
34.8200   4
34.8400   1
34.8600   1
34.8800   3
34.9000   1
34.9200   1
34.9400   0
34.9600   2
34.9800   1
35.0000   2
35.0200   0
35.0400   3
35.0600   2
35.0800   3
35.1000   5
35.1200   2
35.1400   2
35.1600   1
35.1800   1
35.2000   2
35.2200   5
35.2400   0
35.2600   2
35.2800   0
35.3000   0
35.3200   1
35.3400   4
35.3600   5
35.3800   1
35.4000   1
35.4200   2
35.4400   2
35.4600   4
35.4800   2
35.5000   4
35.5200   0
35.5400   1
35.5600   3
35.5800   3
35.6000   2
35.6200   4
35.6400   3
35.6600   1
35.6800   2
35.7000   1
35.7200   3
35.7400   4
35.7600   0
35.7800   2
35.8000   1
35.8200   0
35.8400   1
35.8600   2
35.8800   1
35.9000   0
35.9200   4
35.9400   3
35.9600   2
35.9800   1
36.0000   1
36.0200   1
36.0400   1
36.0600   1
36.0800   1
36.1000   2
36.1200   4
36.1400   1
36.1600   2
36.1800   2
36.2000   1
36.2200   2
36.2400   1
36.2600   2
36.2800   2
36.3000   0
36.3200   1
36.3400   1
36.3600   4
36.3800   4
36.4000   1
36.4200   1
36.4400   0
36.4600   1
36.4800   2
36.5000   0
36.5200   0
36.5400   1
36.5600   0
36.5800   0
36.6000   1
36.6200   1
36.6400   1
36.6600   1
36.6800   0
36.7000   2
36.7200   2
36.7400   4
36.7600   1
36.7800   1
36.8000   1
36.8200   2
36.8400   2
36.8600   3
36.8800   2
36.9000   2
36.9200   5
36.9400   0
36.9600   2
36.9800   0
37.0000   2
37.0200   2
37.0400   1
37.0600   2
37.0800   1
37.1000   0
37.1200   1
37.1400   2
37.1600   2
37.1800   1
37.2000   3
37.2200   2
37.2400   1
37.2600   2
37.2800   1
37.3000   3
37.3200   2
37.3400   1
37.3600   3
37.3800   3
37.4000   1
37.4200   1
37.4400   2
37.4600   1
37.4800   0
37.5000   5
37.5200   2
37.5400   4
37.5600   2
37.5800   1
37.6000   3
37.6200   3
37.6400   0
37.6600   1
37.6800   0
37.7000   2
37.7200   2
37.7400   3
37.7600   0
37.7800   3
37.8000   1
37.8200   2
37.8400   3
37.8600   1
37.8800   2
37.9000   2
37.9200   2
37.9400   3
37.9600   0
37.9800   2
38.0000   2
38.0200   3
38.0400   4
38.0600   0
38.0800   3
38.1000   1
38.1200   0
38.1400   1
38.1600   2
38.1800   1
38.2000   3
38.2200   0
38.2400   0
38.2600   0
38.2800   2
38.3000   3
38.3200   1
38.3400   1
38.3600   1
38.3800   3
38.4000   5
38.4200   2
38.4400   1
38.4600   3
38.4800   1
38.5000   2
38.5200   1
38.5400   2
38.5600   2
38.5800   2
38.6000   0
38.6200   1
38.6400   4
38.6600   2
38.6800   2
38.7000   1
38.7200   2
38.7400   2
38.7600   1
38.7800   2
38.8000   1
38.8200   1
38.8400   0
38.8600   1
38.8800   0
38.9000   2
38.9200   1
38.9400   1
38.9600   2
38.9800   3
39.0000   0
39.0200   0
39.0400   2
39.0600   2
39.0800   4
39.1000   3
39.1200   0
39.1400   1
39.1600   0
39.1800   1
39.2000   4
39.2200   0
39.2400   4
39.2600   1
39.2800   1
39.3000   1
39.3200   1
39.3400   1
39.3600   0
39.3800   2
39.4000   2
39.4200   0
39.4400   5
39.4600   3
39.4800   1
39.5000   0
39.5200   1
39.5400   0
39.5600   2
39.5800   2
39.6000   0
39.6200   1
39.6400   0
39.6600   2
39.6800   3
39.7000   1
39.7200   3
39.7400   6
39.7600   1
39.7800   1
39.8000   1
39.8200   0
39.8400   0
39.8600   1
39.8800   1
39.9000   2
39.9200   0
39.9400   4
39.9600   3
39.9800   2
40.0000   1
40.0200   0
40.0400   2
40.0600   3
40.0800   3
40.1000   2
40.1200   1
40.1400   1
40.1600   0
40.1800   1
40.2000   1
40.2200   0
40.2400   1
40.2600   2
40.2800   6
40.3000   3
40.3200   6
40.3400   2
40.3600   0
40.3800   1
40.4000   2
40.4200   1
40.4400   1
40.4600   1
40.4800   1
40.5000   1
40.5200   0
40.5400   1
40.5600   3
40.5800   0
40.6000   0
40.6200   0
40.6400   0
40.6600   3
40.6800   3
40.7000   3
40.7200   2
40.7400   1
40.7600   2
40.7800   0
40.8000   1
40.8200   0
40.8400   1
40.8600   2
40.8800   1
40.9000   0
40.9200   1
40.9400   2
40.9600   2
40.9800   1
41.0000   3
41.0200   1
41.0400   1
41.0600   0
41.0800   1
41.1000   2
41.1200   1
41.1400   1
41.1600   2
41.1800   0
41.2000   1
41.2200   1
41.2400   0
41.2600   0
41.2800   0
41.3000   3
41.3200   2
41.3400   3
41.3600   3
41.3800   5
41.4000   2
41.4200   3
41.4400   3
41.4600   0
41.4800   2
41.5000   1
41.5200   2
41.5400   2
41.5600   1
41.5800   1
41.6000   0
41.6200   1
41.6400   1
41.6600   2
41.6800   2
41.7000   1
41.7200   1
41.7400   2
41.7600   2
41.7800   4
41.8000   2
41.8200   1
41.8400   2
41.8600   2
41.8800   1
41.9000   1
41.9200   4
41.9400   2
41.9600   0
41.9800   1
42.0000   2
42.0200   2
42.0400   0
42.0600   1
42.0800   3
42.1000   1
42.1200   3
42.1400   3
42.1600   0
42.1800   4
42.2000   2
42.2200   1
42.2400   3
42.2600   2
42.2800   0
42.3000   2
42.3200   4
42.3400   1
42.3600   2
42.3800   1
42.4000   1
42.4200   0
42.4400   0
42.4600   2
42.4800   3
42.5000   1
42.5200   0
42.5400   1
42.5600   5
42.5800   0
42.6000   4
42.6200   1
42.6400   0
42.6600   2
42.6800   2
42.7000   1
42.7200   4
42.7400   1
42.7600   2
42.7800   1
42.8000   1
42.8200   1
42.8400   0
42.8600   3
42.8800   1
42.9000   2
42.9200   1
42.9400   0
42.9600   0
42.9800   0
43.0000   1
43.0200   1
43.0400   1
43.0600   1
43.0800   2
43.1000   4
43.1200   3
43.1400   2
43.1600   3
43.1800   1
43.2000   2
43.2200   2
43.2400   2
43.2600   3
43.2800   2
43.3000   2
43.3200   2
43.3400   3
43.3600   2
43.3800   2
43.4000   3
43.4200   1
43.4400   0
43.4600   6
43.4800   1
43.5000   1
43.5200   1
43.5400   0
43.5600   0
43.5800   2
43.6000   1
43.6200   0
43.6400   2
43.6600   3
43.6800   2
43.7000   2
43.7200   0
43.7400   3
43.7600   1
43.7800   0
43.8000   1
43.8200   0
43.8400   1
43.8600   2
43.8800   2
43.9000   1
43.9200   2
43.9400   2
43.9600   0
43.9800   3
44.0000   0
44.0200   1
44.0400   0
44.0600   3
44.0800   1
44.1000   0
44.1200   0
44.1400   2
44.1600   5
44.1800   2
44.2000   3
44.2200   0
44.2400   1
44.2600   2
44.2800   1
44.3000   0
44.3200   3
44.3400   2
44.3600   1
44.3800   1
44.4000   1
44.4200   2
44.4400   1
44.4600   1
44.4800   1
44.5000   4
44.5200   3
44.5400   1
44.5600   2
44.5800   1
44.6000   1
44.6200   1
44.6400   5
44.6600   2
44.6800   1
44.7000   0
44.7200   4
44.7400   2
44.7600   1
44.7800   4
44.8000   1
44.8200   2
44.8400   0
44.8600   2
44.8800   1
44.9000   1
44.9200   0
44.9400   3
44.9600   2
44.9800   1
45.0000   2
45.0200   2
45.0400   1
45.0600   3
45.0800   4
45.1000   1
45.1200   0
45.1400   1
45.1600   2
45.1800   4
45.2000   2
45.2200   1
45.2400   2
45.2600   2
45.2800   1
45.3000   5
45.3200   3
45.3400   1
45.3600   2
45.3800   1
45.4000   1
45.4200   3
45.4400   0
45.4600   0
45.4800   2
45.5000   3
45.5200   2
45.5400   1
45.5600   5
45.5800   2
45.6000   1
45.6200   2
45.6400   2
45.6600   1
45.6800   3
45.7000   3
45.7200   1
45.7400   3
45.7600   2
45.7800   3
45.8000   3
45.8200   3
45.8400   1
45.8600   2
45.8800   4
45.9000   3
45.9200   2
45.9400   1
45.9600   1
45.9800   0
46.0000   3
46.0200   6
46.0400   7
46.0600   2
46.0800   0
46.1000   2
46.1200   2
46.1400   3
46.1600   2
46.1800   0
46.2000   3
46.2200   5
46.2400   2
46.2600   0
46.2800   1
46.3000   0
46.3200   0
46.3400   5
46.3600   2
46.3800   5
46.4000   2
46.4200   2
46.4400   3
46.4600   2
46.4800   3
46.5000   1
46.5200   2
46.5400   7
46.5600   7
46.5800   4
46.6000   7
46.6200   6
46.6400   3
46.6600   1
46.6800   4
46.7000   7
46.7200   0
46.7400   3
46.7600   4
46.7800   3
46.8000   3
46.8200   3
46.8400   7
46.8600   7
46.8800   5
46.9000   4
46.9200   7
46.9400   4
46.9600   11
46.9800   13
47.0000   14
47.0200   17
47.0400   24
47.0600   16
47.0800   19
47.1000   22
47.1200   28
47.1400   40
47.1600   95
47.1800   160
47.2000   346
47.2200   483
47.2400   564
47.2600   490
47.2800   285
47.3000   241
47.3200   211
47.3400   241
47.3600   308
47.3800   297
47.4000   147
47.4200   108
47.4400   42
47.4600   25
47.4800   19
47.5000   20
47.5200   13
47.5400   13
47.5600   15
47.5800   10
47.6000   11
47.6200   4
47.6400   7
47.6600   6
47.6800   8
47.7000   3
47.7200   5
47.7400   5
47.7600   2
47.7800   3
47.8000   5
47.8200   7
47.8400   4
47.8600   3
47.8800   4
47.9000   7
47.9200   6
47.9400   3
47.9600   2
47.9800   2
48.0000   5
48.0200   4
48.0400   3
48.0600   2
48.0800   1
48.1000   5
48.1200   5
48.1400   2
48.1600   0
48.1800   4
48.2000   3
48.2200   4
48.2400   4
48.2600   2
48.2800   4
48.3000   7
48.3200   1
48.3400   3
48.3600   4
48.3800   2
48.4000   0
48.4200   3
48.4400   3
48.4600   5
48.4800   2
48.5000   5
48.5200   1
48.5400   3
48.5600   3
48.5800   3
48.6000   2
48.6200   0
48.6400   2
48.6600   2
48.6800   8
48.7000   2
48.7200   2
48.7400   1
48.7600   0
48.7800   3
48.8000   2
48.8200   2
48.8400   2
48.8600   4
48.8800   3
48.9000   1
48.9200   5
48.9400   2
48.9600   2
48.9800   3
49.0000   2
49.0200   0
49.0400   0
49.0600   4
49.0800   1
49.1000   2
49.1200   0
49.1400   3
49.1600   2
49.1800   4
49.2000   3
49.2200   1
49.2400   0
49.2600   0
49.2800   1
49.3000   0
49.3200   2
49.3400   2
49.3600   1
49.3800   0
49.4000   1
49.4200   3
49.4400   2
49.4600   2
49.4800   1
49.5000   2
49.5200   5
49.5400   1
49.5600   1
49.5800   1
49.6000   1
49.6200   1
49.6400   2
49.6600   1
49.6800   1
49.7000   3
49.7200   5
49.7400   1
49.7600   3
49.7800   1
49.8000   3
49.8200   2
49.8400   3
49.8600   2
49.8800   3
49.9000   0
49.9200   1
49.9400   4
49.9600   1
49.9800   5
50.0000   4
50.0200   3
50.0400   1
50.0600   4
50.0800   1
50.1000   5
50.1200   1
50.1400   3
50.1600   1
50.1800   3
50.2000   2
50.2200   0
50.2400   1
50.2600   1
50.2800   3
50.3000   1
50.3200   1
50.3400   1
50.3600   0
50.3800   1
50.4000   3
50.4200   0
50.4400   2
50.4600   6
50.4800   2
50.5000   3
50.5200   1
50.5400   3
50.5600   1
50.5800   1
50.6000   3
50.6200   3
50.6400   1
50.6600   2
50.6800   1
50.7000   1
50.7200   1
50.7400   1
50.7600   1
50.7800   1
50.8000   0
50.8200   1
50.8400   1
50.8600   3
50.8800   3
50.9000   0
50.9200   0
50.9400   1
50.9600   1
50.9800   0
51.0000   2
51.0200   1
51.0400   0
51.0600   3
51.0800   4
51.1000   2
51.1200   2
51.1400   1
51.1600   2
51.1800   1
51.2000   1
51.2200   2
51.2400   1
51.2600   0
51.2800   2
51.3000   0
51.3200   3
51.3400   3
51.3600   1
51.3800   4
51.4000   1
51.4200   1
51.4400   4
51.4600   1
51.4800   1
51.5000   2
51.5200   2
51.5400   1
51.5600   2
51.5800   2
51.6000   1
51.6200   2
51.6400   3
51.6600   1
51.6800   0
51.7000   1
51.7200   0
51.7400   2
51.7600   1
51.7800   0
51.8000   2
51.8200   2
51.8400   1
51.8600   0
51.8800   0
51.9000   0
51.9200   2
51.9400   0
51.9600   4
51.9800   3
52.0000   3
52.0200   3
52.0400   0
52.0600   0
52.0800   0
52.1000   1
52.1200   4
52.1400   3
52.1600   4
52.1800   1
52.2000   1
52.2200   2
52.2400   0
52.2600   3
52.2800   0
52.3000   1
52.3200   2
52.3400   4
52.3600   2
52.3800   1
52.4000   1
52.4200   3
52.4400   2
52.4600   2
52.4800   1
52.5000   1
52.5200   1
52.5400   0
52.5600   2
52.5800   2
52.6000   2
52.6200   2
52.6400   1
52.6600   2
52.6800   1
52.7000   0
52.7200   1
52.7400   3
52.7600   2
52.7800   3
52.8000   2
52.8200   1
52.8400   1
52.8600   0
52.8800   3
52.9000   2
52.9200   1
52.9400   1
52.9600   0
52.9800   0
53.0000   5
53.0200   0
53.0400   1
53.0600   1
53.0800   4
53.1000   0
53.1200   3
53.1400   1
53.1600   2
53.1800   0
53.2000   2
53.2200   2
53.2400   1
53.2600   5
53.2800   0
53.3000   4
53.3200   1
53.3400   0
53.3600   1
53.3800   0
53.4000   1
53.4200   1
53.4400   2
53.4600   0
53.4800   4
53.5000   1
53.5200   0
53.5400   2
53.5600   1
53.5800   3
53.6000   2
53.6200   2
53.6400   0
53.6600   2
53.6800   2
53.7000   2
53.7200   1
53.7400   3
53.7600   1
53.7800   2
53.8000   3
53.8200   5
53.8400   1
53.8600   1
53.8800   5
53.9000   3
53.9200   1
53.9400   3
53.9600   1
53.9800   1
54.0000   2
54.0200   2
54.0400   0
54.0600   0
54.0800   1
54.1000   0
54.1200   4
54.1400   1
54.1600   0
54.1800   3
54.2000   2
54.2200   4
54.2400   1
54.2600   3
54.2800   2
54.3000   1
54.3200   0
54.3400   0
54.3600   3
54.3800   0
54.4000   0
54.4200   2
54.4400   1
54.4600   2
54.4800   1
54.5000   5
54.5200   2
54.5400   3
54.5600   2
54.5800   1
54.6000   6
54.6200   2
54.6400   5
54.6600   3
54.6800   1
54.7000   0
54.7200   2
54.7400   2
54.7600   2
54.7800   2
54.8000   2
54.8200   1
54.8400   5
54.8600   4
54.8800   3
54.9000   3
54.9200   2
54.9400   2
54.9600   5
54.9800   5
55.0000   6
55.0200   3
55.0400   3
55.0600   4
55.0800   2
55.1000   2
55.1200   3
55.1400   1
55.1600   2
55.1800   2
55.2000   4
55.2200   4
55.2400   3
55.2600   0
55.2800   5
55.3000   1
55.3200   1
55.3400   4
55.3600   5
55.3800   1
55.4000   3
55.4200   4
55.4400   3
55.4600   5
55.4800   3
55.5000   1
55.5200   3
55.5400   2
55.5600   2
55.5800   8
55.6000   3
55.6200   7
55.6400   2
55.6600   4
55.6800   4
55.7000   6
55.7200   10
55.7400   7
55.7600   11
55.7800   13
55.8000   10
55.8200   17
55.8400   19
55.8600   24
55.8800   14
55.9000   14
55.9200   23
55.9400   31
55.9600   58
55.9800   84
56.0000   172
56.0200   218
56.0400   435
56.0600   509
56.0800   744
56.1000   753
56.1200   400
56.1400   229
56.1600   138
56.1800   143
56.2000   246
56.2200   308
56.2400   350
56.2600   298
56.2800   137
56.3000   85
56.3200   28
56.3400   30
56.3600   17
56.3800   15
56.4000   7
56.4200   11
56.4400   16
56.4600   3
56.4800   4
56.5000   6
56.5200   9
56.5400   6
56.5600   5
56.5800   1
56.6000   4
56.6200   6
56.6400   4
56.6600   1
56.6800   2
56.7000   3
56.7200   4
56.7400   3
56.7600   1
56.7800   3
56.8000   5
56.8200   6
56.8400   2
56.8600   1
56.8800   5
56.9000   4
56.9200   2
56.9400   3
56.9600   1
56.9800   3
57.0000   2
57.0200   4
57.0400   2
57.0600   5
57.0800   3
57.1000   3
57.1200   2
57.1400   4
57.1600   3
57.1800   3
57.2000   3
57.2200   2
57.2400   0
57.2600   5
57.2800   4
57.3000   2
57.3200   3
57.3400   0
57.3600   7
57.3800   0
57.4000   3
57.4200   1
57.4400   2
57.4600   0
57.4800   1
57.5000   0
57.5200   1
57.5400   2
57.5600   5
57.5800   1
57.6000   1
57.6200   1
57.6400   3
57.6600   3
57.6800   2
57.7000   2
57.7200   2
57.7400   1
57.7600   2
57.7800   6
57.8000   3
57.8200   2
57.8400   0
57.8600   1
57.8800   2
57.9000   2
57.9200   3
57.9400   0
57.9600   0
57.9800   3
58.0000   2
58.0200   2
58.0400   1
58.0600   1
58.0800   0
58.1000   3
58.1200   1
58.1400   4
58.1600   3
58.1800   2
58.2000   1
58.2200   2
58.2400   3
58.2600   0
58.2800   1
58.3000   1
58.3200   2
58.3400   0
58.3600   3
58.3800   0
58.4000   1
58.4200   2
58.4400   2
58.4600   2
58.4800   0
58.5000   5
58.5200   3
58.5400   1
58.5600   0
58.5800   2
58.6000   2
58.6200   1
58.6400   2
58.6600   1
58.6800   0
58.7000   1
58.7200   1
58.7400   1
58.7600   0
58.7800   2
58.8000   2
58.8200   4
58.8400   1
58.8600   1
58.8800   0
58.9000   0
58.9200   3
58.9400   2
58.9600   0
58.9800   0
59.0000   1
59.0200   1
59.0400   3
59.0600   2
59.0800   1
59.1000   1
59.1200   1
59.1400   0
59.1600   0
59.1800   1
59.2000   0
59.2200   3
59.2400   0
59.2600   2
59.2800   1
59.3000   0
59.3200   3
59.3400   0
59.3600   2
59.3800   0
59.4000   1
59.4200   3
59.4400   1
59.4600   3
59.4800   1
59.5000   2
59.5200   1
59.5400   2
59.5600   2
59.5800   0
59.6000   1
59.6200   1
59.6400   0
59.6600   1
59.6800   1
59.7000   0
59.7200   0
59.7400   0
59.7600   0
59.7800   0
59.8000   4
59.8200   3
59.8400   0
59.8600   1
59.8800   1
59.9000   3
59.9200   1
59.9400   1
59.9600   2
59.9800   1
60.0000   0
60.0200   2
60.0400   4
60.0600   2
60.0800   0
60.1000   0
60.1200   2
60.1400   2
60.1600   1
60.1800   2
60.2000   0
60.2200   2
60.2400   0
60.2600   2
60.2800   0
60.3000   0
60.3200   0
60.3400   0
60.3600   0
60.3800   0
60.4000   1
60.4200   1
60.4400   0
60.4600   1
60.4800   2
60.5000   3
60.5200   1
60.5400   2
60.5600   1
60.5800   1
60.6000   1
60.6200   1
60.6400   0
60.6600   0
60.6800   1
60.7000   1
60.7200   1
60.7400   3
60.7600   1
60.7800   2
60.8000   0
60.8200   2
60.8400   2
60.8600   0
60.8800   1
60.9000   2
60.9200   0
60.9400   2
60.9600   2
60.9800   1
61.0000   2
61.0200   1
61.0400   1
61.0600   0
61.0800   1
61.1000   0
61.1200   2
61.1400   3
61.1600   2
61.1800   1
61.2000   2
61.2200   2
61.2400   0
61.2600   0
61.2800   2
61.3000   3
61.3200   1
61.3400   1
61.3600   2
61.3800   1
61.4000   0
61.4200   0
61.4400   3
61.4600   0
61.4800   1
61.5000   2
61.5200   1
61.5400   2
61.5600   2
61.5800   2
61.6000   1
61.6200   0
61.6400   1
61.6600   2
61.6800   0
61.7000   1
61.7200   1
61.7400   0
61.7600   2
61.7800   1
61.8000   1
61.8200   1
61.8400   1
61.8600   2
61.8800   2
61.9000   0
61.9200   0
61.9400   2
61.9600   1
61.9800   0
62.0000   2
62.0200   0
62.0400   4
62.0600   2
62.0800   2
62.1000   1
62.1200   1
62.1400   1
62.1600   2
62.1800   0
62.2000   1
62.2200   3
62.2400   1
62.2600   1
62.2800   2
62.3000   1
62.3200   0
62.3400   1
62.3600   1
62.3800   1
62.4000   3
62.4200   4
62.4400   0
62.4600   2
62.4800   2
62.5000   1
62.5200   1
62.5400   2
62.5600   2
62.5800   2
62.6000   2
62.6200   2
62.6400   1
62.6600   1
62.6800   0
62.7000   1
62.7200   2
62.7400   1
62.7600   1
62.7800   2
62.8000   3
62.8200   1
62.8400   4
62.8600   1
62.8800   0
62.9000   2
62.9200   2
62.9400   0
62.9600   0
62.9800   0
63.0000   0
63.0200   0
63.0400   3
63.0600   2
63.0800   2
63.1000   1
63.1200   2
63.1400   0
63.1600   3
63.1800   1
63.2000   0
63.2200   0
63.2400   1
63.2600   1
63.2800   2
63.3000   0
63.3200   2
63.3400   2
63.3600   0
63.3800   2
63.4000   3
63.4200   0
63.4400   1
63.4600   2
63.4800   0
63.5000   1
63.5200   1
63.5400   0
63.5600   2
63.5800   0
63.6000   0
63.6200   4
63.6400   0
63.6600   0
63.6800   1
63.7000   4
63.7200   1
63.7400   1
63.7600   3
63.7800   0
63.8000   1
63.8200   1
63.8400   1
63.8600   0
63.8800   2
63.9000   2
63.9200   0
63.9400   1
63.9600   1
63.9800   1
64.0000   1
64.0200   1
64.0400   2
64.0600   1
64.0800   0
64.1000   3
64.1200   2
64.1400   0
64.1600   0
64.1800   0
64.2000   3
64.2200   1
64.2400   1
64.2600   0
64.2800   1
64.3000   1
64.3200   1
64.3400   0
64.3600   1
64.3800   1
64.4000   2
64.4200   0
64.4400   2
64.4600   1
64.4800   2
64.5000   1
64.5200   2
64.5400   0
64.5600   2
64.5800   1
64.6000   0
64.6200   0
64.6400   0
64.6600   1
64.6800   2
64.7000   0
64.7200   2
64.7400   4
64.7600   1
64.7800   0
64.8000   2
64.8200   0
64.8400   2
64.8600   4
64.8800   1
64.9000   0
64.9200   1
64.9400   1
64.9600   1
64.9800   0
65.0000   0
65.0200   0
65.0400   2
65.0600   0
65.0800   2
65.1000   1
65.1200   2
65.1400   0
65.1600   1
65.1800   0
65.2000   0
65.2200   1
65.2400   3
65.2600   1
65.2800   1
65.3000   3
65.3200   0
65.3400   1
65.3600   0
65.3800   0
65.4000   3
65.4200   0
65.4400   1
65.4600   3
65.4800   2
65.5000   2
65.5200   0
65.5400   1
65.5600   1
65.5800   1
65.6000   0
65.6200   0
65.6400   0
65.6600   1
65.6800   2
65.7000   0
65.7200   2
65.7400   1
65.7600   0
65.7800   1
65.8000   4
65.8200   0
65.8400   1
65.8600   1
65.8800   0
65.9000   1
65.9200   2
65.9400   0
65.9600   3
65.9800   0
66.0000   1
66.0200   2
66.0400   0
66.0600   1
66.0800   2
66.1000   1
66.1200   3
66.1400   1
66.1600   0
66.1800   1
66.2000   2
66.2200   2
66.2400   0
66.2600   3
66.2800   0
66.3000   1
66.3200   4
66.3400   4
66.3600   1
66.3800   1
66.4000   0
66.4200   3
66.4400   1
66.4600   2
66.4800   2
66.5000   1
66.5200   0
66.5400   1
66.5600   1
66.5800   3
66.6000   1
66.6200   0
66.6400   1
66.6600   1
66.6800   0
66.7000   3
66.7200   0
66.7400   1
66.7600   2
66.7800   2
66.8000   1
66.8200   6
66.8400   2
66.8600   0
66.8800   1
66.9000   1
66.9200   1
66.9400   2
66.9600   0
66.9800   2
67.0000   1
67.0200   2
67.0400   2
67.0600   2
67.0800   0
67.1000   2
67.1200   1
67.1400   3
67.1600   0
67.1800   1
67.2000   0
67.2200   1
67.2400   3
67.2600   3
67.2800   3
67.3000   2
67.3200   2
67.3400   2
67.3600   0
67.3800   1
67.4000   1
67.4200   1
67.4400   2
67.4600   2
67.4800   0
67.5000   1
67.5200   1
67.5400   0
67.5600   0
67.5800   0
67.6000   0
67.6200   1
67.6400   1
67.6600   2
67.6800   2
67.7000   0
67.7200   3
67.7400   0
67.7600   2
67.7800   1
67.8000   0
67.8200   1
67.8400   2
67.8600   2
67.8800   0
67.9000   0
67.9200   1
67.9400   1
67.9600   1
67.9800   1
68.0000   3
68.0200   0
68.0400   2
68.0600   2
68.0800   1
68.1000   0
68.1200   2
68.1400   0
68.1600   1
68.1800   3
68.2000   2
68.2200   2
68.2400   0
68.2600   4
68.2800   1
68.3000   2
68.3200   0
68.3400   0
68.3600   2
68.3800   1
68.4000   0
68.4200   2
68.4400   2
68.4600   0
68.4800   2
68.5000   1
68.5200   1
68.5400   2
68.5600   1
68.5800   3
68.6000   4
68.6200   3
68.6400   4
68.6600   3
68.6800   0
68.7000   2
68.7200   4
68.7400   1
68.7600   3
68.7800   2
68.8000   2
68.8200   1
68.8400   1
68.8600   8
68.8800   3
68.9000   3
68.9200   7
68.9400   4
68.9600   6
68.9800   11
69.0000   12
69.0200   25
69.0400   38
69.0600   34
69.0800   61
69.1000   51
69.1200   33
69.1400   28
69.1600   17
69.1800   16
69.2000   15
69.2200   11
69.2400   19
69.2600   37
69.2800   32
69.3000   34
69.3200   16
69.3400   5
69.3600   2
69.3800   2
69.4000   6
69.4200   5
69.4400   4
69.4600   7
69.4800   3
69.5000   1
69.5200   0
69.5400   2
69.5600   2
69.5800   4
69.6000   2
69.6200   3
69.6400   0
69.6600   0
69.6800   4
69.7000   0
69.7200   1
69.7400   0
69.7600   1
69.7800   2
69.8000   1
69.8200   2
69.8400   3
69.8600   1
69.8800   1
69.9000   2
69.9200   0
69.9400   0
69.9600   1
69.9800   0
70.0000   1
70.0200   2
70.0400   4
70.0600   0
70.0800   1
70.1000   0
70.1200   0
70.1400   2
70.1600   2
70.1800   2
70.2000   1
70.2200   0
70.2400   2
70.2600   3
70.2800   2
70.3000   3
70.3200   5
70.3400   1
70.3600   0
70.3800   1
70.4000   2
70.4200   0
70.4400   4
70.4600   3
70.4800   1
70.5000   2
70.5200   1
70.5400   1
70.5600   0
70.5800   2
70.6000   2
70.6200   0
70.6400   4
70.6600   0
70.6800   3
70.7000   2
70.7200   2
70.7400   0
70.7600   1
70.7800   3
70.8000   2
70.8200   2
70.8400   0
70.8600   2
70.8800   0
70.9000   0
70.9200   0
70.9400   0
70.9600   2
70.9800   4
71.0000   2
71.0200   2
71.0400   2
71.0600   0
71.0800   1
71.1000   0
71.1200   1
71.1400   1
71.1600   0
71.1800   2
71.2000   0
71.2200   3
71.2400   1
71.2600   1
71.2800   0
71.3000   3
71.3200   0
71.3400   1
71.3600   0
71.3800   2
71.4000   1
71.4200   0
71.4400   1
71.4600   0
71.4800   1
71.5000   4
71.5200   2
71.5400   0
71.5600   3
71.5800   2
71.6000   2
71.6200   1
71.6400   2
71.6600   0
71.6800   1
71.7000   0
71.7200   2
71.7400   1
71.7600   1
71.7800   0
71.8000   0
71.8200   1
71.8400   4
71.8600   1
71.8800   0
71.9000   2
71.9200   2
71.9400   0
71.9600   2
71.9800   1
72.0000   1
72.0200   4
72.0400   0
72.0600   1
72.0800   1
72.1000   2
72.1200   1
72.1400   2
72.1600   2
72.1800   1
72.2000   0
72.2200   0
72.2400   2
72.2600   1
72.2800   2
72.3000   1
72.3200   2
72.3400   1
72.3600   1
72.3800   0
72.4000   2
72.4200   1
72.4400   1
72.4600   1
72.4800   0
72.5000   3
72.5200   1
72.5400   2
72.5600   1
72.5800   1
72.6000   0
72.6200   3
72.6400   1
72.6600   0
72.6800   2
72.7000   1
72.7200   1
72.7400   1
72.7600   1
72.7800   0
72.8000   0
72.8200   1
72.8400   3
72.8600   0
72.8800   1
72.9000   2
72.9200   3
72.9400   1
72.9600   3
72.9800   2
73.0000   0
73.0200   0
73.0400   0
73.0600   0
73.0800   1
73.1000   0
73.1200   1
73.1400   4
73.1600   1
73.1800   0
73.2000   0
73.2200   4
73.2400   1
73.2600   1
73.2800   1
73.3000   2
73.3200   4
73.3400   1
73.3600   3
73.3800   2
73.4000   0
73.4200   0
73.4400   3
73.4600   0
73.4800   1
73.5000   3
73.5200   2
73.5400   2
73.5600   2
73.5800   0
73.6000   3
73.6200   2
73.6400   2
73.6600   2
73.6800   1
73.7000   2
73.7200   1
73.7400   1
73.7600   0
73.7800   0
73.8000   0
73.8200   1
73.8400   1
73.8600   4
73.8800   2
73.9000   2
73.9200   2
73.9400   0
73.9600   1
73.9800   1
74.0000   1
74.0200   3
74.0400   0
74.0600   3
74.0800   1
74.1000   1
74.1200   0
74.1400   1
74.1600   1
74.1800   1
74.2000   2
74.2200   2
74.2400   1
74.2600   2
74.2800   4
74.3000   3
74.3200   1
74.3400   0
74.3600   1
74.3800   1
74.4000   1
74.4200   2
74.4400   2
74.4600   1
74.4800   0
74.5000   3
74.5200   2
74.5400   0
74.5600   1
74.5800   1
74.6000   2
74.6200   1
74.6400   2
74.6600   0
74.6800   0
74.7000   4
74.7200   1
74.7400   0
74.7600   3
74.7800   2
74.8000   0
74.8200   0
74.8400   1
74.8600   2
74.8800   0
74.9000   2
74.9200   3
74.9400   0
74.9600   1
74.9800   2
75.0000   1
75.0200   3
75.0400   1
75.0600   1
75.0800   1
75.1000   1
75.1200   1
75.1400   0
75.1600   1
75.1800   1
75.2000   1
75.2200   0
75.2400   3
75.2600   2
75.2800   1
75.3000   2
75.3200   4
75.3400   2
75.3600   1
75.3800   2
75.4000   0
75.4200   2
75.4400   1
75.4600   2
75.4800   2
75.5000   2
75.5200   0
75.5400   0
75.5600   0
75.5800   1
75.6000   3
75.6200   0
75.6400   1
75.6600   0
75.6800   1
75.7000   0
75.7200   1
75.7400   0
75.7600   3
75.7800   3
75.8000   2
75.8200   0
75.8400   0
75.8600   1
75.8800   2
75.9000   1
75.9200   2
75.9400   1
75.9600   4
75.9800   2
76.0000   4
76.0200   4
76.0400   5
76.0600   11
76.0800   3
76.1000   6
76.1200   9
76.1400   7
76.1600   7
76.1800   8
76.2000   15
76.2200   11
76.2400   14
76.2600   29
76.2800   60
76.3000   78
76.3200   90
76.3400   68
76.3600   58
76.3800   29
76.4000   21
76.4200   18
76.4400   17
76.4600   17
76.4800   20
76.5000   26
76.5200   36
76.5400   29
76.5600   35
76.5800   47
76.6000   23
76.6200   37
76.6400   8
76.6600   5
76.6800   5
76.7000   4
76.7200   7
76.7400   3
76.7600   1
76.7800   6
76.8000   3
76.8200   5
76.8400   1
76.8600   3
76.8800   2
76.9000   2
76.9200   4
76.9400   1
76.9600   0
76.9800   2
77.0000   1
77.0200   4
77.0400   3
77.0600   2
77.0800   2
77.1000   4
77.1200   2
77.1400   0
77.1600   2
77.1800   2
77.2000   2
77.2200   2
77.2400   2
77.2600   1
77.2800   1
77.3000   1
77.3200   2
77.3400   1
77.3600   2
77.3800   1
77.4000   4
77.4200   2
77.4400   1
77.4600   2
77.4800   2
77.5000   0
77.5200   3
77.5400   3
77.5600   4
77.5800   1
77.6000   0
77.6200   1
77.6400   1
77.6600   1
77.6800   2
77.7000   0
77.7200   0
77.7400   2
77.7600   1
77.7800   0
77.8000   2
77.8200   2
77.8400   3
77.8600   1
77.8800   1
77.9000   2
77.9200   2
77.9400   2
77.9600   1
77.9800   1
78.0000   2
78.0200   1
78.0400   4
78.0600   0
78.0800   0
78.1000   2
78.1200   2
78.1400   1
78.1600   0
78.1800   4
78.2000   0
78.2200   1
78.2400   0
78.2600   1
78.2800   1
78.3000   1
78.3200   0
78.3400   1
78.3600   1
78.3800   0
78.4000   3
78.4200   1
78.4400   0
78.4600   0
78.4800   2
78.5000   2
78.5200   2
78.5400   1
78.5600   1
78.5800   2
78.6000   1
78.6200   2
78.6400   1
78.6600   1
78.6800   2
78.7000   1
78.7200   5
78.7400   2
78.7600   3
78.7800   1
78.8000   2
78.8200   0
78.8400   3
78.8600   4
78.8800   0
78.9000   3
78.9200   2
78.9400   3
78.9600   2
78.9800   4
79.0000   2
79.0200   1
79.0400   0
79.0600   0
79.0800   4
79.1000   0
79.1200   1
79.1400   0
79.1600   1
79.1800   3
79.2000   2
79.2200   2
79.2400   2
79.2600   0
79.2800   2
79.3000   1
79.3200   3
79.3400   0
79.3600   0
79.3800   3
79.4000   0
79.4200   1
79.4400   2
79.4600   0
79.4800   1
79.5000   1
79.5200   3
79.5400   0
79.5600   1
79.5800   0
79.6000   2
79.6200   0
79.6400   0
79.6600   2
79.6800   2
79.7000   2
79.7200   5
79.7400   1
79.7600   3
79.7800   0
79.8000   1
79.8200   4
79.8400   0
79.8600   5
79.8800   0
79.9000   1
79.9200   4
79.9400   2
79.9600   1
79.9800   2
80.0000   0
80.0200   3
80.0400   1
80.0600   2
80.0800   1
80.1000   2
80.1200   1
80.1400   0
80.1600   1
80.1800   1
80.2000   1
80.2200   2
80.2400   1
80.2600   1
80.2800   0
80.3000   1
80.3200   1
80.3400   0
80.3600   1
80.3800   2
80.4000   0
80.4200   1
80.4400   2
80.4600   0
80.4800   1
80.5000   1
80.5200   0
80.5400   0
80.5600   2
80.5800   1
80.6000   0
80.6200   3
80.6400   0
80.6600   3
80.6800   1
80.7000   1
80.7200   1
80.7400   1
80.7600   0
80.7800   1
80.8000   0
80.8200   4
80.8400   2
80.8600   0
80.8800   2
80.9000   0
80.9200   0
80.9400   0
80.9600   0
80.9800   2
81.0000   4
81.0200   2
81.0400   2
81.0600   1
81.0800   3
81.1000   2
81.1200   2
81.1400   2
81.1600   3
81.1800   1
81.2000   0
81.2200   1
81.2400   2
81.2600   2
81.2800   0
81.3000   2
81.3200   1
81.3400   2
81.3600   0
81.3800   1
81.4000   6
81.4200   2
81.4400   1
81.4600   2
81.4800   1
81.5000   1
81.5200   2
81.5400   3
81.5600   3
81.5800   2
81.6000   2
81.6200   1
81.6400   1
81.6600   0
81.6800   2
81.7000   2
81.7200   2
81.7400   1
81.7600   2
81.7800   3
81.8000   1
81.8200   1
81.8400   0
81.8600   0
81.8800   0
81.9000   1
81.9200   0
81.9400   4
81.9600   2
81.9800   0
82.0000   2
82.0200   0
82.0400   2
82.0600   2
82.0800   1
82.1000   1
82.1200   1
82.1400   3
82.1600   0
82.1800   1
82.2000   0
82.2200   1
82.2400   3
82.2600   4
82.2800   1
82.3000   3
82.3200   3
82.3400   2
82.3600   2
82.3800   2
82.4000   3
82.4200   1
82.4400   4
82.4600   2
82.4800   0
82.5000   3
82.5200   1
82.5400   2
82.5600   2
82.5800   3
82.6000   2
82.6200   3
82.6400   0
82.6600   1
82.6800   0
82.7000   2
82.7200   0
82.7400   0
82.7600   2
82.7800   1
82.8000   1
82.8200   0
82.8400   2
82.8600   0
82.8800   0
82.9000   2
82.9200   0
82.9400   3
82.9600   0
82.9800   3
83.0000   1
83.0200   1
83.0400   0
83.0600   2
83.0800   3
83.1000   3
83.1200   1
83.1400   0
83.1600   3
83.1800   3
83.2000   1
83.2200   0
83.2400   2
83.2600   0
83.2800   0
83.3000   1
83.3200   7
83.3400   0
83.3600   0
83.3800   0
83.4000   2
83.4200   2
83.4400   2
83.4600   0
83.4800   1
83.5000   0
83.5200   0
83.5400   0
83.5600   3
83.5800   0
83.6000   0
83.6200   1
83.6400   0
83.6600   1
83.6800   0
83.7000   3
83.7200   1
83.7400   1
83.7600   1
83.7800   0
83.8000   0
83.8200   0
83.8400   1
83.8600   0
83.8800   2
83.9000   3
83.9200   1
83.9400   2
83.9600   1
83.9800   3
84.0000   1
84.0200   0
84.0400   0
84.0600   1
84.0800   3
84.1000   1
84.1200   5
84.1400   1
84.1600   4
84.1800   0
84.2000   3
84.2200   3
84.2400   1
84.2600   3
84.2800   0
84.3000   2
84.3200   2
84.3400   2
84.3600   0
84.3800   0
84.4000   1
84.4200   1
84.4400   1
84.4600   1
84.4800   1
84.5000   0
84.5200   2
84.5400   3
84.5600   2
84.5800   1
84.6000   2
84.6200   1
84.6400   2
84.6600   0
84.6800   2
84.7000   2
84.7200   3
84.7400   1
84.7600   1
84.7800   1
84.8000   0
84.8200   2
84.8400   2
84.8600   1
84.8800   1
84.9000   2
84.9200   0
84.9400   1
84.9600   1
84.9800   0
85.0000   1
85.0200   0
85.0400   1
85.0600   1
85.0800   3
85.1000   3
85.1200   4
85.1400   3
85.1600   1
85.1800   2
85.2000   1
85.2200   1
85.2400   3
85.2600   0
85.2800   2
85.3000   0
85.3200   1
85.3400   1
85.3600   2
85.3800   1
85.4000   4
85.4200   0
85.4400   6
85.4600   3
85.4800   1
85.5000   1
85.5200   2
85.5400   2
85.5600   2
85.5800   3
85.6000   4
85.6200   3
85.6400   2
85.6600   2
85.6800   1
85.7000   3
85.7200   3
85.7400   2
85.7600   2
85.7800   1
85.8000   1
85.8200   2
85.8400   2
85.8600   0
85.8800   1
85.9000   4
85.9200   0
85.9400   2
85.9600   1
85.9800   3
86.0000   1
86.0200   3
86.0400   2
86.0600   0
86.0800   1
86.1000   4
86.1200   3
86.1400   3
86.1600   3
86.1800   2
86.2000   2
86.2200   1
86.2400   0
86.2600   2
86.2800   0
86.3000   2
86.3200   0
86.3400   2
86.3600   1
86.3800   2
86.4000   1
86.4200   3
86.4400   1
86.4600   6
86.4800   2
86.5000   2
86.5200   1
86.5400   2
86.5600   2
86.5800   2
86.6000   1
86.6200   0
86.6400   2
86.6600   2
86.6800   0
86.7000   3
86.7200   0
86.7400   0
86.7600   5
86.7800   0
86.8000   4
86.8200   2
86.8400   3
86.8600   0
86.8800   0
86.9000   0
86.9200   3
86.9400   1
86.9600   3
86.9800   5
87.0000   4
87.0200   3
87.0400   0
87.0600   1
87.0800   1
87.1000   1
87.1200   1
87.1400   3
87.1600   2
87.1800   5
87.2000   1
87.2200   2
87.2400   2
87.2600   1
87.2800   3
87.3000   2
87.3200   4
87.3400   7
87.3600   2
87.3800   3
87.4000   4
87.4200   2
87.4400   1
87.4600   4
87.4800   2
87.5000   3
87.5200   1
87.5400   4
87.5600   3
87.5800   3
87.6000   2
87.6200   1
87.6400   2
87.6600   5
87.6800   5
87.7000   2
87.7200   3
87.7400   1
87.7600   3
87.7800   7
87.8000   4
87.8200   4
87.8400   5
87.8600   8
87.8800   13
87.9000   14
87.9200   23
87.9400   50
87.9600   66
87.9800   80
88.0000   70
88.0200   72
88.0400   42
88.0600   19
88.0800   9
88.1000   12
88.1200   7
88.1400   11
88.1600   18
88.1800   18
88.2000   18
88.2200   22
88.2400   49
88.2600   40
88.2800   30
88.3000   32
88.3200   20
88.3400   10
88.3600   11
88.3800   4
88.4000   1
88.4200   6
88.4400   7
88.4600   3
88.4800   3
88.5000   2
88.5200   2
88.5400   1
88.5600   4
88.5800   1
88.6000   3
88.6200   2
88.6400   4
88.6600   0
88.6800   2
88.7000   2
88.7200   3
88.7400   1
88.7600   1
88.7800   1
88.8000   1
88.8200   1
88.8400   0
88.8600   1
88.8800   2
88.9000   0
88.9200   1
88.9400   2
88.9600   1
88.9800   2
89.0000   1
89.0200   3
89.0400   1
89.0600   1
89.0800   2
89.1000   2
89.1200   0
89.1400   6
89.1600   5
89.1800   2
89.2000   2
89.2200   2
89.2400   2
89.2600   3
89.2800   3
89.3000   2
89.3200   1
89.3400   0
89.3600   1
89.3800   0
89.4000   2
89.4200   2
89.4400   0
89.4600   1
89.4800   1
89.5000   2
89.5200   1
89.5400   1
89.5600   0
89.5800   1
89.6000   0
89.6200   2
89.6400   0
89.6600   1
89.6800   5
89.7000   0
89.7200   0
89.7400   1
89.7600   2
89.7800   2
89.8000   1
89.8200   5
89.8400   1
89.8600   1
89.8800   3
89.9000   1
89.9200   3
89.9400   0
89.9600   1
89.9800   2
90.0000   4
90.0200   0
90.0400   0
90.0600   2
90.0800   0
90.1000   2
90.1200   1
90.1400   0
90.1600   4
90.1800   1
90.2000   2
90.2200   1
90.2400   1
90.2600   1
90.2800   3
90.3000   0
90.3200   2
90.3400   2
90.3600   3
90.3800   4
90.4000   3
90.4200   1
90.4400   1
90.4600   0
90.4800   3
90.5000   1
90.5200   0
90.5400   1
90.5600   1
90.5800   4
90.6000   1
90.6200   3
90.6400   2
90.6600   0
90.6800   0
90.7000   1
90.7200   2
90.7400   1
90.7600   1
90.7800   0
90.8000   2
90.8200   2
90.8400   2
90.8600   3
90.8800   2
90.9000   1
90.9200   2
90.9400   0
90.9600   4
90.9800   0
91.0000   4
91.0200   0
91.0400   1
91.0600   1
91.0800   3
91.1000   0
91.1200   2
91.1400   0
91.1600   2
91.1800   1
91.2000   0
91.2200   0
91.2400   5
91.2600   3
91.2800   3
91.3000   2
91.3200   1
91.3400   4
91.3600   2
91.3800   0
91.4000   3
91.4200   3
91.4400   0
91.4600   1
91.4800   3
91.5000   4
91.5200   3
91.5400   0
91.5600   0
91.5800   4
91.6000   3
91.6200   0
91.6400   0
91.6600   3
91.6800   4
91.7000   1
91.7200   2
91.7400   0
91.7600   1
91.7800   1
91.8000   2
91.8200   1
91.8400   2
91.8600   0
91.8800   2
91.9000   1
91.9200   1
91.9400   0
91.9600   4
91.9800   1
92.0000   3
92.0200   2
92.0400   3
92.0600   4
92.0800   2
92.1000   1
92.1200   1
92.1400   0
92.1600   1
92.1800   5
92.2000   1
92.2200   3
92.2400   1
92.2600   1
92.2800   0
92.3000   1
92.3200   2
92.3400   1
92.3600   0
92.3800   0
92.4000   2
92.4200   0
92.4400   1
92.4600   1
92.4800   3
92.5000   3
92.5200   2
92.5400   1
92.5600   2
92.5800   0
92.6000   0
92.6200   2
92.6400   1
92.6600   2
92.6800   0
92.7000   0
92.7200   0
92.7400   0
92.7600   2
92.7800   0
92.8000   2
92.8200   4
92.8400   6
92.8600   3
92.8800   2
92.9000   2
92.9200   3
92.9400   1
92.9600   1
92.9800   2
93.0000   1
93.0200   1
93.0400   5
93.0600   0
93.0800   1
93.1000   3
93.1200   0
93.1400   2
93.1600   1
93.1800   4
93.2000   2
93.2200   0
93.2400   0
93.2600   1
93.2800   1
93.3000   1
93.3200   1
93.3400   2
93.3600   2
93.3800   2
93.4000   1
93.4200   2
93.4400   2
93.4600   4
93.4800   1
93.5000   3
93.5200   1
93.5400   1
93.5600   3
93.5800   3
93.6000   3
93.6200   2
93.6400   1
93.6600   2
93.6800   2
93.7000   1
93.7200   6
93.7400   3
93.7600   1
93.7800   0
93.8000   2
93.8200   3
93.8400   2
93.8600   0
93.8800   1
93.9000   2
93.9200   2
93.9400   1
93.9600   3
93.9800   1
94.0000   1
94.0200   2
94.0400   0
94.0600   3
94.0800   1
94.1000   4
94.1200   4
94.1400   1
94.1600   2
94.1800   2
94.2000   3
94.2200   3
94.2400   5
94.2600   1
94.2800   3
94.3000   2
94.3200   3
94.3400   0
94.3600   3
94.3800   0
94.4000   3
94.4200   2
94.4400   1
94.4600   1
94.4800   4
94.5000   2
94.5200   4
94.5400   3
94.5600   4
94.5800   4
94.6000   4
94.6200   3
94.6400   3
94.6600   3
94.6800   4
94.7000   5
94.7200   7
94.7400   2
94.7600   8
94.7800   6
94.8000   15
94.8200   16
94.8400   37
94.8600   52
94.8800   85
94.9000   115
94.9200   156
94.9400   167
94.9600   125
94.9800   83
95.0000   36
95.0200   36
95.0400   12
95.0600   16
95.0800   13
95.1000   8
95.1200   18
95.1400   15
95.1600   39
95.1800   42
95.2000   55
95.2200   70
95.2400   69
95.2600   58
95.2800   46
95.3000   30
95.3200   20
95.3400   17
95.3600   11
95.3800   9
95.4000   8
95.4200   8
95.4400   4
95.4600   6
95.4800   3
95.5000   1
95.5200   5
95.5400   2
95.5600   4
95.5800   2
95.6000   4
95.6200   0
95.6400   1
95.6600   1
95.6800   2
95.7000   3
95.7200   3
95.7400   1
95.7600   0
95.7800   2
95.8000   1
95.8200   2
95.8400   0
95.8600   1
95.8800   2
95.9000   0
95.9200   1
95.9400   2
95.9600   2
95.9800   2
96.0000   0
96.0200   2
96.0400   1
96.0600   1
96.0800   3
96.1000   2
96.1200   0
96.1400   1
96.1600   1
96.1800   3
96.2000   1
96.2200   5
96.2400   1
96.2600   2
96.2800   4
96.3000   0
96.3200   2
96.3400   4
96.3600   1
96.3800   3
96.4000   1
96.4200   3
96.4400   3
96.4600   2
96.4800   3
96.5000   1
96.5200   0
96.5400   2
96.5600   0
96.5800   2
96.6000   4
96.6200   0
96.6400   0
96.6600   0
96.6800   1
96.7000   0
96.7200   2
96.7400   2
96.7600   2
96.7800   1
96.8000   2
96.8200   1
96.8400   3
96.8600   3
96.8800   0
96.9000   1
96.9200   0
96.9400   0
96.9600   1
96.9800   1
97.0000   1
97.0200   1
97.0400   0
97.0600   2
97.0800   1
97.1000   2
97.1200   4
97.1400   0
97.1600   2
97.1800   4
97.2000   2
97.2200   2
97.2400   3
97.2600   3
97.2800   0
97.3000   1
97.3200   5
97.3400   2
97.3600   1
97.3800   0
97.4000   2
97.4200   2
97.4400   1
97.4600   2
97.4800   1
97.5000   3
97.5200   0
97.5400   2
97.5600   4
97.5800   2
97.6000   3
97.6200   1
97.6400   4
97.6600   0
97.6800   1
97.7000   1
97.7200   4
97.7400   1
97.7600   3
97.7800   1
97.8000   3
97.8200   5
97.8400   2
97.8600   2
97.8800   4
97.9000   5
97.9200   0
97.9400   2
97.9600   2
97.9800   1
98.0000   6
98.0200   2
98.0400   5
98.0600   1
98.0800   2
98.1000   3
98.1200   1
98.1400   1
98.1600   2
98.1800   2
98.2000   3
98.2200   4
98.2400   4
98.2600   3
98.2800   1
98.3000   0
98.3200   0
98.3400   5
98.3600   2
98.3800   2
98.4000   3
98.4200   2
98.4400   1
98.4600   2
98.4800   2
98.5000   2
98.5200   4
98.5400   0
98.5600   1
98.5800   2
98.6000   0
98.6200   0
98.6400   2
98.6600   1
98.6800   1
98.7000   0
98.7200   1
98.7400   0
98.7600   2
98.7800   0
98.8000   1
98.8200   2
98.8400   1
98.8600   1
98.8800   0
98.9000   2
98.9200   0
98.9400   2
98.9600   4
98.9800   1
99.0000   2
99.0200   2
99.0400   2
99.0600   2
99.0800   0
99.1000   0
99.1200   1
99.1400   0
99.1600   0
99.1800   0
99.2000   0
99.2200   2
99.2400   1
99.2600   3
99.2800   3
99.3000   7
99.3200   0
99.3400   1
99.3600   1
99.3800   1
99.4000   2
99.4200   2
99.4400   1
99.4600   1
99.4800   4
99.5000   2
99.5200   1
99.5400   2
99.5600   2
99.5800   1
99.6000   2
99.6200   0
99.6400   2
99.6600   1
99.6800   1
99.7000   2
99.7200   3
99.7400   1
99.7600   0
99.7800   3
99.8000   3
99.8200   3
99.8400   5
99.8600   1
99.8800   0
99.9000   0
99.9200   2
99.9400   5
99.9600   2
99.9800   2
100.0000   0
