20.0000   41
20.0200   42
20.0400   33
20.0600   40
20.0800   40
20.1000   46
20.1200   44
20.1400   41
20.1600   39
20.1800   33
20.2000   43
20.2200   42
20.2400   37
20.2600   33
20.2800   39
20.3000   40
20.3200   33
20.3400   45
20.3600   33
20.3800   44
20.4000   41
20.4200   37
20.4400   39
20.4600   36
20.4800   43
20.5000   43
20.5200   39
20.5400   30
20.5600   39
20.5800   38
20.6000   46
20.6200   39
20.6400   47
20.6600   41
20.6800   38
20.7000   41
20.7200   38
20.7400   47
20.7600   52
20.7800   30
20.8000   46
20.8200   41
20.8400   42
20.8600   39
20.8800   61
20.9000   44
20.9200   48
20.9400   39
20.9600   40
20.9800   36
21.0000   42
21.0200   39
21.0400   41
21.0600   59
21.0800   39
21.1000   56
21.1200   40
21.1400   50
21.1600   41
21.1800   44
21.2000   42
21.2200   38
21.2400   48
21.2600   45
21.2800   35
21.3000   38
21.3200   46
21.3400   59
21.3600   48
21.3800   46
21.4000   48
21.4200   44
21.4400   43
21.4600   58
21.4800   56
21.5000   38
21.5200   40
21.5400   48
21.5600   60
21.5800   42
21.6000   43
21.6200   43
21.6400   45
21.6600   46
21.6800   59
21.7000   47
21.7200   44
21.7400   42
21.7600   61
21.7800   42
21.8000   58
21.8200   50
21.8400   50
21.8600   54
21.8800   51
21.9000   45
21.9200   51
21.9400   41
21.9600   42
21.9800   39
22.0000   44
22.0200   52
22.0400   46
22.0600   39
22.0800   55
22.1000   42
22.1200   44
22.1400   52
22.1600   51
22.1800   51
22.2000   45
22.2200   49
22.2400   41
22.2600   36
22.2800   49
22.3000   52
22.3200   53
22.3400   49
22.3600   47
22.3800   51
22.4000   43
22.4200   47
22.4400   52
22.4600   48
22.4800   45
22.5000   44
22.5200   44
22.5400   45
22.5600   52
22.5800   52
22.6000   49
22.6200   56
22.6400   46
22.6600   39
22.6800   45
22.7000   43
22.7200   35
22.7400   50
22.7600   55
22.7800   45
22.8000   38
22.8200   44
22.8400   46
22.8600   53
22.8800   51
22.9000   43
22.9200   39
22.9400   41
22.9600   49
22.9800   40
23.0000   37
23.0200   48
23.0400   34
23.0600   37
23.0800   54
23.1000   43
23.1200   49
23.1400   35
23.1600   43
23.1800   47
23.2000   52
23.2200   48
23.2400   57
23.2600   54
23.2800   52
23.3000   40
23.3200   47
23.3400   43
23.3600   59
23.3800   41
23.4000   48
23.4200   41
23.4400   50
23.4600   45
23.4800   55
23.5000   47
23.5200   48
23.5400   57
23.5600   51
23.5800   69
23.6000   67
23.6200   56
23.6400   47
23.6600   58
23.6800   60
23.7000   51
23.7200   62
23.7400   61
23.7600   48
23.7800   49
23.8000   49
23.8200   46
23.8400   69
23.8600   57
23.8800   50
23.9000   43
23.9200   55
23.9400   50
23.9600   69
23.9800   45
24.0000   57
24.0200   50
24.0400   50
24.0600   63
24.0800   55
24.1000   47
24.1200   70
24.1400   68
24.1600   59
24.1800   69
24.2000   70
24.2200   59
24.2400   61
24.2600   65
24.2800   66
24.3000   74
24.3200   82
24.3400   61
24.3600   75
24.3800   65
24.4000   72
24.4200   56
24.4400   55
24.4600   59
24.4800   81
24.5000   75
24.5200   75
24.5400   76
24.5600   65
24.5800   67
24.6000   67
24.6200   62
24.6400   87
24.6600   66
24.6800   82
24.7000   78
24.7200   78
24.7400   104
24.7600   91
24.7800   87
24.8000   84
24.8200   86
24.8400   93
24.8600   88
24.8800   105
24.9000   104
24.9200   114
24.9400   102
24.9600   120
24.9800   90
25.0000   113
25.0200   107
25.0400   112
25.0600   126
25.0800   125
25.1000   119
25.1200   143
25.1400   130
25.1600   122
25.1800   137
25.2000   153
25.2200   137
25.2400   185
25.2600   158
25.2800   177
25.3000   176
25.3200   172
25.3400   166
25.3600   188
25.3800   189
25.4000   202
25.4200   215
25.4400   241
25.4600   242
25.4800   222
25.5000   241
25.5200   250
25.5400   294
25.5600   261
25.5800   291
25.6000   300
25.6200   297
25.6400   313
25.6600   381
25.6800   382
25.7000   390
25.7200   410
25.7400   440
25.7600   489
25.7800   532
25.8000   555
25.8200   576
25.8400   659
25.8600   652
25.8800   805
25.9000   817
25.9200   841
25.9400   935
25.9600   1100
25.9800   1226
26.0000   1336
26.0200   1421
26.0400   1670
26.0600   1795
26.0800   2070
26.1000   2189
26.1200   2563
26.1400   2765
26.1600   3123
26.1800   3401
26.2000   3836
26.2200   4098
26.2400   4449
26.2600   4578
26.2800   4849
26.3000   5149
26.3200   5255
26.3400   5357
26.3600   5411
26.3800   5421
26.4000   5114
26.4200   4981
26.4400   4633
26.4600   4368
26.4800   4013
26.5000   3599
26.5200   2921
26.5400   2853
26.5600   2305
26.5800   2171
26.6000   1818
26.6200   1531
26.6400   1326
26.6600   1179
26.6800   952
26.7000   916
26.7200   827
26.7400   787
26.7600   656
26.7800   630
26.8000   519
26.8200   503
26.8400   416
26.8600   412
26.8800   360
26.9000   324
26.9200   325
26.9400   317
26.9600   278
26.9800   256
27.0000   232
27.0200   236
27.0400   205
27.0600   207
27.0800   186
27.1000   193
27.1200   193
27.1400   180
27.1600   162
27.1800   151
27.2000   144
27.2200   149
27.2400   138
27.2600   126
27.2800   138
27.3000   111
27.3200   118
27.3400   99
27.3600   115
27.3800   91
27.4000   89
27.4200   104
27.4400   84
27.4600   79
27.4800   108
27.5000   80
27.5200   78
27.5400   73
27.5600   68
27.5800   69
27.6000   90
27.6200   72
27.6400   71
27.6600   78
27.6800   73
27.7000   59
27.7200   59
27.7400   62
27.7600   67
27.7800   65
27.8000   58
27.8200   52
27.8400   57
27.8600   51
27.8800   65
27.9000   41
27.9200   56
27.9400   68
27.9600   61
27.9800   55
28.0000   52
28.0200   49
28.0400   45
28.0600   45
28.0800   52
28.1000   51
28.1200   49
28.1400   46
28.1600   59
28.1800   34
28.2000   51
28.2200   45
28.2400   52
28.2600   39
28.2800   41
28.3000   45
28.3200   31
28.3400   36
28.3600   54
28.3800   42
28.4000   39
28.4200   41
28.4400   34
28.4600   37
28.4800   32
28.5000   44
28.5200   41
28.5400   37
28.5600   39
28.5800   33
28.6000   40
28.6200   49
28.6400   30
28.6600   29
28.6800   39
28.7000   37
28.7200   29
28.7400   35
28.7600   30
28.7800   31
28.8000   47
28.8200   31
28.8400   34
28.8600   36
28.8800   45
28.9000   21
28.9200   29
28.9400   38
28.9600   28
28.9800   28
29.0000   35
29.0200   23
29.0400   31
29.0600   26
29.0800   32
29.1000   23
29.1200   27
29.1400   29
29.1600   32
29.1800   27
29.2000   25
29.2200   36
29.2400   30
29.2600   28
29.2800   34
29.3000   20
29.3200   26
29.3400   27
29.3600   26
29.3800   28
29.4000   36
29.4200   32
29.4400   26
29.4600   40
29.4800   32
29.5000   28
29.5200   27
29.5400   20
29.5600   31
29.5800   22
29.6000   24
29.6200   23
29.6400   32
29.6600   39
29.6800   30
29.7000   30
29.7200   22
29.7400   25
29.7600   22
29.7800   17
29.8000   33
29.8200   23
29.8400   18
29.8600   22
29.8800   27
29.9000   30
29.9200   29
29.9400   15
29.9600   21
29.9800   27
30.0000   19
30.0200   33
30.0400   30
30.0600   20
30.0800   17
30.1000   25
30.1200   24
30.1400   24
30.1600   28
30.1800   30
30.2000   22
30.2200   19
30.2400   25
30.2600   26
30.2800   25
30.3000   32
30.3200   20
30.3400   21
30.3600   22
30.3800   21
30.4000   26
30.4200   22
30.4400   17
30.4600   13
30.4800   23
30.5000   24
30.5200   25
30.5400   25
30.5600   25
30.5800   20
30.6000   23
30.6200   30
30.6400   26
30.6600   26
30.6800   26
30.7000   10
30.7200   27
30.7400   19
30.7600   18
30.7800   22
30.8000   23
30.8200   25
30.8400   20
30.8600   16
30.8800   21
30.9000   21
30.9200   20
30.9400   16
30.9600   15
30.9800   14
31.0000   29
31.0200   16
31.0400   23
31.0600   26
31.0800   22
31.1000   28
31.1200   18
31.1400   25
31.1600   21
31.1800   16
31.2000   18
31.2200   23
31.2400   22
31.2600   23
31.2800   30
31.3000   21
31.3200   12
31.3400   13
31.3600   24
31.3800   22
31.4000   22
31.4200   12
31.4400   28
31.4600   26
31.4800   24
31.5000   18
31.5200   14
31.5400   14
31.5600   20
31.5800   23
31.6000   23
31.6200   20
31.6400   26
31.6600   16
31.6800   20
31.7000   23
31.7200   25
31.7400   18
31.7600   19
31.7800   18
31.8000   22
31.8200   24
31.8400   31
31.8600   17
31.8800   13
31.9000   18
31.9200   17
31.9400   15
31.9600   13
31.9800   13
32.0000   21
32.0200   15
32.0400   15
32.0600   18
32.0800   23
32.1000   19
32.1200   13
32.1400   16
32.1600   15
32.1800   17
32.2000   20
32.2200   22
32.2400   22
32.2600   22
32.2800   12
32.3000   18
32.3200   20
32.3400   20
32.3600   21
32.3800   30
32.4000   20
32.4200   16
32.4400   17
32.4600   24
32.4800   23
32.5000   14
32.5200   23
32.5400   18
32.5600   12
32.5800   17
32.6000   20
32.6200   16
32.6400   13
32.6600   16
32.6800   14
32.7000   11
32.7200   22
32.7400   12
32.7600   12
32.7800   22
32.8000   8
32.8200   23
32.8400   15
32.8600   16
32.8800   15
32.9000   20
32.9200   14
32.9400   16
32.9600   16
32.9800   18
33.0000   15
33.0200   16
33.0400   19
33.0600   18
33.0800   14
33.1000   21
33.1200   15
33.1400   21
33.1600   10
33.1800   16
33.2000   21
33.2200   15
33.2400   16
33.2600   17
33.2800   22
33.3000   22
33.3200   27
33.3400   14
33.3600   19
33.3800   15
33.4000   16
33.4200   15
33.4400   14
33.4600   14
33.4800   19
33.5000   14
33.5200   20
33.5400   12
33.5600   12
33.5800   16
33.6000   14
33.6200   23
33.6400   16
33.6600   26
33.6800   17
33.7000   12
33.7200   11
33.7400   23
33.7600   18
33.7800   9
33.8000   18
33.8200   17
33.8400   11
33.8600   12
33.8800   23
33.9000   21
33.9200   22
33.9400   21
33.9600   21
33.9800   12
34.0000   17
34.0200   20
34.0400   19
34.0600   17
34.0800   16
34.1000   10
34.1200   15
34.1400   25
34.1600   17
34.1800   16
34.2000   17
34.2200   20
34.2400   15
34.2600   14
34.2800   20
34.3000   17
34.3200   19
34.3400   13
34.3600   15
34.3800   20
34.4000   16
34.4200   22
34.4400   14
34.4600   16
34.4800   20
34.5000   15
34.5200   13
34.5400   13
34.5600   18
34.5800   14
34.6000   15
34.6200   15
34.6400   18
34.6600   15
34.6800   16
34.7000   15
34.7200   13
34.7400   14
34.7600   19
34.7800   13
34.8000   13
34.8200   15
34.8400   11
34.8600   20
34.8800   18
34.9000   15
34.9200   15
34.9400   17
34.9600   10
34.9800   14
35.0000   22
35.0200   15
35.0400   18
35.0600   18
35.0800   16
35.1000   17
35.1200   8
35.1400   14
35.1600   23
35.1800   10
35.2000   14
35.2200   15
35.2400   10
35.2600   13
35.2800   19
35.3000   13
35.3200   14
35.3400   20
35.3600   20
35.3800   20
35.4000   11
35.4200   11
35.4400   11
35.4600   16
35.4800   15
35.5000   19
35.5200   15
35.5400   26
35.5600   13
35.5800   19
35.6000   10
35.6200   15
35.6400   16
35.6600   17
35.6800   13
35.7000   16
35.7200   16
35.7400   15
35.7600   10
35.7800   14
35.8000   14
35.8200   8
35.8400   19
35.8600   12
35.8800   14
35.9000   13
35.9200   11
35.9400   13
35.9600   15
35.9800   11
36.0000   19
36.0200   19
36.0400   18
36.0600   13
36.0800   11
36.1000   21
36.1200   13
36.1400   13
36.1600   18
36.1800   8
36.2000   6
36.2200   14
36.2400   6
36.2600   21
36.2800   11
36.3000   9
36.3200   16
36.3400   7
36.3600   17
36.3800   11
36.4000   15
36.4200   9
36.4400   18
36.4600   14
36.4800   10
36.5000   18
36.5200   14
36.5400   15
36.5600   14
36.5800   16
36.6000   18
36.6200   15
36.6400   15
36.6600   23
36.6800   13
36.7000   20
36.7200   19
36.7400   15
36.7600   16
36.7800   11
36.8000   19
36.8200   14
36.8400   24
36.8600   13
36.8800   12
36.9000   15
36.9200   16
36.9400   11
36.9600   21
36.9800   15
37.0000   14
37.0200   14
37.0400   8
37.0600   16
37.0800   20
37.1000   16
37.1200   12
37.1400   9
37.1600   19
37.1800   15
37.2000   13
37.2200   10
37.2400   21
37.2600   21
37.2800   7
37.3000   11
37.3200   25
37.3400   8
37.3600   10
37.3800   17
37.4000   10
37.4200   14
37.4400   14
37.4600   9
37.4800   14
37.5000   19
37.5200   12
37.5400   17
37.5600   13
37.5800   14
37.6000   19
37.6200   8
37.6400   9
37.6600   15
37.6800   8
37.7000   9
37.7200   11
37.7400   19
37.7600   15
37.7800   18
37.8000   10
37.8200   12
37.8400   17
37.8600   16
37.8800   14
37.9000   11
37.9200   18
37.9400   20
37.9600   17
37.9800   12
38.0000   16
38.0200   16
38.0400   14
38.0600   8
38.0800   12
38.1000   15
38.1200   12
38.1400   11
38.1600   12
38.1800   16
38.2000   16
38.2200   17
38.2400   13
38.2600   14
38.2800   21
38.3000   8
38.3200   16
38.3400   23
38.3600   13
38.3800   19
38.4000   11
38.4200   12
38.4400   14
38.4600   6
38.4800   21
38.5000   13
38.5200   15
38.5400   11
38.5600   10
38.5800   12
38.6000   16
38.6200   14
38.6400   11
38.6600   11
38.6800   13
38.7000   16
38.7200   16
38.7400   17
38.7600   8
38.7800   13
38.8000   11
38.8200   13
38.8400   12
38.8600   19
38.8800   17
38.9000   12
38.9200   18
38.9400   16
38.9600   15
38.9800   21
39.0000   16
39.0200   15
39.0400   15
39.0600   12
39.0800   17
39.1000   22
39.1200   15
39.1400   14
39.1600   12
39.1800   16
39.2000   14
39.2200   13
39.2400   14
39.2600   10
39.2800   16
39.3000   14
39.3200   13
39.3400   7
39.3600   14
39.3800   8
39.4000   16
39.4200   16
39.4400   15
39.4600   11
39.4800   8
39.5000   14
39.5200   16
39.5400   15
39.5600   18
39.5800   17
39.6000   7
39.6200   9
39.6400   15
39.6600   15
39.6800   8
39.7000   12
39.7200   16
39.7400   17
39.7600   19
39.7800   9
39.8000   7
39.8200   10
39.8400   19
39.8600   14
39.8800   11
39.9000   13
39.9200   9
39.9400   8
39.9600   19
39.9800   20
40.0000   9
40.0200   12
40.0400   14
40.0600   16
40.0800   20
40.1000   14
40.1200   11
40.1400   10
40.1600   17
40.1800   19
40.2000   8
40.2200   15
40.2400   13
40.2600   9
40.2800   10
40.3000   17
40.3200   15
40.3400   11
40.3600   11
40.3800   16
40.4000   15
40.4200   18
40.4400   11
40.4600   11
40.4800   14
40.5000   13
40.5200   14
40.5400   13
40.5600   8
40.5800   14
40.6000   20
40.6200   13
40.6400   15
40.6600   13
40.6800   15
40.7000   16
40.7200   17
40.7400   14
40.7600   7
40.7800   12
40.8000   16
40.8200   11
40.8400   18
40.8600   13
40.8800   18
40.9000   15
40.9200   12
40.9400   11
40.9600   17
40.9800   11
41.0000   19
41.0200   11
41.0400   14
41.0600   14
41.0800   16
41.1000   10
41.1200   9
41.1400   14
41.1600   10
41.1800   6
41.2000   14
41.2200   12
41.2400   10
41.2600   14
41.2800   18
41.3000   10
41.3200   5
41.3400   7
41.3600   10
41.3800   20
41.4000   16
41.4200   14
41.4400   17
41.4600   15
41.4800   13
41.5000   13
41.5200   12
41.5400   14
41.5600   11
41.5800   13
41.6000   8
41.6200   14
41.6400   21
41.6600   13
41.6800   21
41.7000   9
41.7200   6
41.7400   5
41.7600   16
41.7800   11
41.8000   9
41.8200   16
41.8400   15
41.8600   17
41.8800   18
41.9000   17
41.9200   14
41.9400   16
41.9600   14
41.9800   14
42.0000   19
42.0200   17
42.0400   20
42.0600   14
42.0800   21
42.1000   20
42.1200   23
42.1400   21
42.1600   25
42.1800   18
42.2000   29
42.2200   29
42.2400   29
42.2600   34
42.2800   20
42.3000   22
42.3200   28
42.3400   29
42.3600   32
42.3800   29
42.4000   34
42.4200   25
42.4400   26
42.4600   27
42.4800   20
42.5000   13
42.5200   17
42.5400   26
42.5600   22
42.5800   16
42.6000   23
42.6200   17
42.6400   19
42.6600   19
42.6800   19
42.7000   23
42.7200   21
42.7400   27
42.7600   33
42.7800   16
42.8000   13
42.8200   24
42.8400   17
42.8600   19
42.8800   18
42.9000   20
42.9200   33
42.9400   35
42.9600   35
42.9800   37
43.0000   21
43.0200   29
43.0400   40
43.0600   26
43.0800   33
43.1000   40
43.1200   24
43.1400   22
43.1600   26
43.1800   42
43.2000   23
43.2200   36
43.2400   34
43.2600   37
43.2800   48
43.3000   35
43.3200   30
43.3400   33
43.3600   29
43.3800   30
43.4000   25
43.4200   34
43.4400   35
43.4600   35
43.4800   33
43.5000   25
43.5200   31
43.5400   24
43.5600   35
43.5800   28
43.6000   31
43.6200   31
43.6400   31
43.6600   30
43.6800   28
43.7000   23
43.7200   27
43.7400   33
43.7600   34
43.7800   22
43.8000   35
43.8200   34
43.8400   40
43.8600   39
43.8800   40
43.9000   24
43.9200   32
43.9400   30
43.9600   22
43.9800   35
44.0000   55
44.0200   30
44.0400   32
44.0600   43
44.0800   40
44.1000   47
44.1200   40
44.1400   37
44.1600   39
44.1800   28
44.2000   40
44.2200   41
44.2400   42
44.2600   44
44.2800   44
44.3000   32
44.3200   40
44.3400   48
44.3600   53
44.3800   38
44.4000   42
44.4200   55
44.4400   55
44.4600   49
44.4800   49
44.5000   48
44.5200   55
44.5400   35
44.5600   44
44.5800   32
44.6000   44
44.6200   46
44.6400   43
44.6600   28
44.6800   39
44.7000   37
44.7200   35
44.7400   34
44.7600   36
44.7800   35
44.8000   24
44.8200   27
44.8400   22
44.8600   28
44.8800   31
44.9000   39
44.9200   23
44.9400   28
44.9600   41
44.9800   31
45.0000   27
45.0200   32
45.0400   18
45.0600   33
45.0800   27
45.1000   25
45.1200   20
45.1400   23
45.1600   24
45.1800   23
45.2000   25
45.2200   17
45.2400   22
45.2600   26
45.2800   25
45.3000   26
45.3200   16
45.3400   17
45.3600   31
45.3800   14
45.4000   16
45.4200   19
45.4400   19
45.4600   19
45.4800   20
45.5000   24
45.5200   21
45.5400   26
45.5600   27
45.5800   21
45.6000   17
45.6200   16
45.6400   21
45.6600   21
45.6800   21
45.7000   24
45.7200   25
45.7400   19
45.7600   14
45.7800   22
45.8000   21
45.8200   21
45.8400   25
45.8600   27
45.8800   24
45.9000   28
45.9200   20
45.9400   25
45.9600   21
45.9800   23
46.0000   19
46.0200   15
46.0400   22
46.0600   27
46.0800   21
46.1000   23
46.1200   20
46.1400   30
46.1600   19
46.1800   23
46.2000   22
46.2200   30
46.2400   21
46.2600   12
46.2800   10
46.3000   19
46.3200   22
46.3400   19
46.3600   17
46.3800   21
46.4000   13
46.4200   18
46.4400   20
46.4600   11
46.4800   22
46.5000   13
46.5200   12
46.5400   14
46.5600   9
46.5800   22
46.6000   24
46.6200   18
46.6400   20
46.6600   25
46.6800   20
46.7000   21
46.7200   19
46.7400   17
46.7600   16
46.7800   20
46.8000   17
46.8200   18
46.8400   19
46.8600   20
46.8800   11
46.9000   16
46.9200   15
46.9400   15
46.9600   17
46.9800   14
47.0000   21
47.0200   17
47.0400   13
47.0600   14
47.0800   12
47.1000   16
47.1200   10
47.1400   10
47.1600   26
47.1800   17
47.2000   6
47.2200   16
47.2400   13
47.2600   10
47.2800   19
47.3000   13
47.3200   17
47.3400   6
47.3600   15
47.3800   13
47.4000   11
47.4200   15
47.4400   19
47.4600   15
47.4800   11
47.5000   19
47.5200   14
47.5400   18
47.5600   14
47.5800   6
47.6000   16
47.6200   13
47.6400   13
47.6600   16
47.6800   15
47.7000   18
47.7200   15
47.7400   14
47.7600   4
47.7800   12
47.8000   16
47.8200   15
47.8400   17
47.8600   17
47.8800   22
47.9000   18
47.9200   14
47.9400   14
47.9600   12
47.9800   14
48.0000   16
48.0200   18
48.0400   13
48.0600   12
48.0800   17
48.1000   21
48.1200   14
48.1400   10
48.1600   15
48.1800   22
48.2000   14
48.2200   12
48.2400   12
48.2600   15
48.2800   12
48.3000   15
48.3200   12
48.3400   13
48.3600   12
48.3800   9
48.4000   15
48.4200   14
48.4400   16
48.4600   12
48.4800   18
48.5000   13
48.5200   12
48.5400   17
48.5600   15
48.5800   20
48.6000   13
48.6200   16
48.6400   15
48.6600   10
48.6800   15
48.7000   15
48.7200   18
48.7400   14
48.7600   21
48.7800   12
48.8000   10
48.8200   14
48.8400   8
48.8600   14
48.8800   10
48.9000   14
48.9200   18
48.9400   11
48.9600   17
48.9800   14
49.0000   16
49.0200   13
49.0400   8
49.0600   19
49.0800   17
49.1000   11
49.1200   14
49.1400   10
49.1600   11
49.1800   12
49.2000   15
49.2200   13
49.2400   18
49.2600   17
49.2800   15
49.3000   18
49.3200   14
49.3400   9
49.3600   14
49.3800   9
49.4000   9
49.4200   18
49.4400   7
49.4600   17
49.4800   9
49.5000   9
49.5200   19
49.5400   18
49.5600   12
49.5800   11
49.6000   21
49.6200   12
49.6400   16
49.6600   20
49.6800   13
49.7000   13
49.7200   22
49.7400   15
49.7600   15
49.7800   9
49.8000   14
49.8200   15
49.8400   18
49.8600   17
49.8800   15
49.9000   15
49.9200   15
49.9400   9
49.9600   13
49.9800   7
50.0000   11
50.0200   17
50.0400   24
50.0600   11
50.0800   22
50.1000   12
50.1200   13
50.1400   20
50.1600   24
50.1800   10
50.2000   13
50.2200   11
50.2400   23
50.2600   17
50.2800   15
50.3000   13
50.3200   15
50.3400   11
50.3600   13
50.3800   14
50.4000   23
50.4200   15
50.4400   14
50.4600   15
50.4800   16
50.5000   15
50.5200   22
50.5400   22
50.5600   14
50.5800   20
50.6000   15
50.6200   20
50.6400   15
50.6600   16
50.6800   7
50.7000   16
50.7200   20
50.7400   25
50.7600   21
50.7800   20
50.8000   21
50.8200   8
50.8400   14
50.8600   21
50.8800   16
50.9000   9
50.9200   19
50.9400   17
50.9600   22
50.9800   8
51.0000   16
51.0200   12
51.0400   11
51.0600   15
51.0800   13
51.1000   16
51.1200   12
51.1400   23
51.1600   17
51.1800   17
51.2000   14
51.2200   11
51.2400   10
51.2600   18
51.2800   15
51.3000   22
51.3200   17
51.3400   21
51.3600   13
51.3800   22
51.4000   15
51.4200   19
51.4400   18
51.4600   19
51.4800   15
51.5000   12
51.5200   17
51.5400   17
51.5600   13
51.5800   17
51.6000   14
51.6200   16
51.6400   13
51.6600   17
51.6800   12
51.7000   20
51.7200   18
51.7400   20
51.7600   15
51.7800   23
51.8000   12
51.8200   13
51.8400   16
51.8600   11
51.8800   18
51.9000   16
51.9200   4
51.9400   15
51.9600   20
51.9800   14
52.0000   12
52.0200   18
52.0400   20
52.0600   20
52.0800   14
52.1000   18
52.1200   16
52.1400   16
52.1600   18
52.1800   25
52.2000   18
52.2200   13
52.2400   16
52.2600   19
52.2800   16
52.3000   25
52.3200   14
52.3400   16
52.3600   14
52.3800   16
52.4000   18
52.4200   15
52.4400   19
52.4600   23
52.4800   26
52.5000   10
52.5200   19
52.5400   20
52.5600   23
52.5800   13
52.6000   17
52.6200   27
52.6400   17
52.6600   22
52.6800   25
52.7000   22
52.7200   15
52.7400   16
52.7600   24
52.7800   14
52.8000   13
52.8200   17
52.8400   13
52.8600   11
52.8800   19
52.9000   18
52.9200   18
52.9400   19
52.9600   18
52.9800   14
53.0000   14
53.0200   16
53.0400   13
53.0600   23
53.0800   9
53.1000   21
53.1200   13
53.1400   22
53.1600   17
53.1800   15
53.2000   33
53.2200   24
53.2400   20
53.2600   11
53.2800   18
53.3000   19
53.3200   19
53.3400   22
53.3600   15
53.3800   24
53.4000   25
53.4200   20
53.4400   27
53.4600   22
53.4800   21
53.5000   22
53.5200   14
53.5400   28
53.5600   23
53.5800   18
53.6000   30
53.6200   30
53.6400   25
53.6600   27
53.6800   26
53.7000   21
53.7200   31
53.7400   20
53.7600   34
53.7800   34
53.8000   28
53.8200   30
53.8400   31
53.8600   43
53.8800   50
53.9000   35
53.9200   43
53.9400   49
53.9600   40
53.9800   44
54.0000   44
54.0200   46
54.0400   45
54.0600   47
54.0800   60
54.1000   68
54.1200   61
54.1400   79
54.1600   77
54.1800   103
54.2000   83
54.2200   101
54.2400   121
54.2600   106
54.2800   130
54.3000   129
54.3200   152
54.3400   173
54.3600   183
54.3800   187
54.4000   212
54.4200   221
54.4400   249
54.4600   229
54.4800   228
54.5000   231
54.5200   217
54.5400   213
54.5600   238
54.5800   205
54.6000   201
54.6200   197
54.6400   190
54.6600   188
54.6800   163
54.7000   128
54.7200   123
54.7400   124
54.7600   104
54.7800   98
54.8000   85
54.8200   75
54.8400   84
54.8600   69
54.8800   78
54.9000   56
54.9200   56
54.9400   46
54.9600   51
54.9800   37
55.0000   37
55.0200   38
55.0400   34
55.0600   50
55.0800   20
55.1000   35
55.1200   28
55.1400   38
55.1600   21
55.1800   31
55.2000   28
55.2200   28
55.2400   26
55.2600   28
55.2800   46
55.3000   24
55.3200   21
55.3400   32
55.3600   23
55.3800   21
55.4000   25
55.4200   19
55.4400   18
55.4600   30
55.4800   18
55.5000   15
55.5200   23
55.5400   16
55.5600   20
55.5800   22
55.6000   19
55.6200   18
55.6400   19
55.6600   13
55.6800   14
55.7000   21
55.7200   14
55.7400   16
55.7600   22
55.7800   17
55.8000   23
55.8200   12
55.8400   23
55.8600   16
55.8800   25
55.9000   13
55.9200   21
55.9400   15
55.9600   21
55.9800   18
56.0000   13
56.0200   18
56.0400   12
56.0600   12
56.0800   18
56.1000   17
56.1200   17
56.1400   14
56.1600   15
56.1800   16
56.2000   21
56.2200   17
56.2400   10
56.2600   9
56.2800   20
56.3000   13
56.3200   11
56.3400   22
56.3600   13
56.3800   18
56.4000   10
56.4200   11
56.4400   19
56.4600   22
56.4800   10
56.5000   16
56.5200   8
56.5400   13
56.5600   20
56.5800   16
56.6000   11
56.6200   20
56.6400   23
56.6600   22
56.6800   17
56.7000   20
56.7200   15
56.7400   17
56.7600   19
56.7800   12
56.8000   9
56.8200   15
56.8400   17
56.8600   21
56.8800   16
56.9000   16
56.9200   12
56.9400   15
56.9600   13
56.9800   19
57.0000   20
57.0200   19
57.0400   15
57.0600   12
57.0800   12
57.1000   11
57.1200   10
57.1400   12
57.1600   14
57.1800   19
57.2000   13
57.2200   13
57.2400   8
57.2600   14
57.2800   19
57.3000   17
57.3200   10
57.3400   13
57.3600   8
57.3800   15
57.4000   18
57.4200   10
57.4400   14
57.4600   10
57.4800   12
57.5000   15
57.5200   15
57.5400   20
57.5600   13
57.5800   13
57.6000   11
57.6200   15
57.6400   16
57.6600   16
57.6800   16
57.7000   10
57.7200   15
57.7400   16
57.7600   15
57.7800   16
57.8000   12
57.8200   21
57.8400   18
57.8600   14
57.8800   21
57.9000   17
57.9200   16
57.9400   13
57.9600   15
57.9800   14
58.0000   13
58.0200   12
58.0400   13
58.0600   16
58.0800   17
58.1000   17
58.1200   15
58.1400   10
58.1600   16
58.1800   11
58.2000   6
58.2200   11
58.2400   17
58.2600   17
58.2800   14
58.3000   19
58.3200   12
58.3400   14
58.3600   16
58.3800   13
58.4000   8
58.4200   12
58.4400   11
58.4600   15
58.4800   17
58.5000   16
58.5200   13
58.5400   14
58.5600   13
58.5800   18
58.6000   10
58.6200   16
58.6400   9
58.6600   16
58.6800   15
58.7000   7
58.7200   20
58.7400   21
58.7600   19
58.7800   10
58.8000   18
58.8200   12
58.8400   13
58.8600   21
58.8800   17
58.9000   19
58.9200   15
58.9400   18
58.9600   16
58.9800   18
59.0000   17
59.0200   24
59.0400   19
59.0600   12
59.0800   14
59.1000   20
59.1200   16
59.1400   13
59.1600   13
59.1800   18
59.2000   13
59.2200   12
59.2400   21
59.2600   11
59.2800   9
59.3000   14
59.3200   16
59.3400   19
59.3600   23
59.3800   15
59.4000   13
59.4200   18
59.4400   16
59.4600   13
59.4800   12
59.5000   17
59.5200   15
59.5400   15
59.5600   17
59.5800   21
59.6000   18
59.6200   28
59.6400   11
59.6600   21
59.6800   21
59.7000   14
59.7200   17
59.7400   22
59.7600   22
59.7800   19
59.8000   21
59.8200   15
59.8400   18
59.8600   19
59.8800   12
59.9000   26
59.9200   18
59.9400   24
59.9600   19
59.9800   18
60.0000   21
60.0200   24
60.0400   10
60.0600   11
60.0800   14
60.1000   17
60.1200   11
60.1400   10
60.1600   14
60.1800   22
60.2000   18
60.2200   8
60.2400   16
60.2600   17
60.2800   13
60.3000   12
60.3200   18
60.3400   20
60.3600   10
60.3800   14
60.4000   6
60.4200   13
60.4400   13
60.4600   6
60.4800   13
60.5000   8
60.5200   13
60.5400   11
60.5600   12
60.5800   17
60.6000   9
60.6200   14
60.6400   20
60.6600   19
60.6800   13
60.7000   11
60.7200   18
60.7400   12
60.7600   13
60.7800   12
60.8000   10
60.8200   14
60.8400   12
60.8600   15
60.8800   20
60.9000   14
60.9200   16
60.9400   13
60.9600   8
60.9800   14
61.0000   12
61.0200   10
61.0400   17
61.0600   6
61.0800   11
61.1000   13
61.1200   10
61.1400   13
61.1600   13
61.1800   17
61.2000   22
61.2200   12
61.2400   17
61.2600   13
61.2800   15
61.3000   11
61.3200   19
61.3400   20
61.3600   15
61.3800   23
61.4000   7
61.4200   8
61.4400   13
61.4600   18
61.4800   10
61.5000   9
61.5200   14
61.5400   12
61.5600   9
61.5800   16
61.6000   24
61.6200   11
61.6400   12
61.6600   17
61.6800   10
61.7000   14
61.7200   14
61.7400   12
61.7600   15
61.7800   12
61.8000   18
61.8200   19
61.8400   15
61.8600   14
61.8800   13
61.9000   15
61.9200   17
61.9400   16
61.9600   18
61.9800   7
62.0000   21
62.0200   15
62.0400   20
62.0600   12
62.0800   19
62.1000   18
62.1200   14
62.1400   16
62.1600   13
62.1800   11
62.2000   15
62.2200   14
62.2400   13
62.2600   6
62.2800   9
62.3000   14
62.3200   11
62.3400   11
62.3600   11
62.3800   11
62.4000   10
62.4200   11
62.4400   20
62.4600   10
62.4800   12
62.5000   11
62.5200   14
62.5400   13
62.5600   15
62.5800   14
62.6000   15
62.6200   15
62.6400   14
62.6600   11
62.6800   13
62.7000   11
62.7200   13
62.7400   10
62.7600   13
62.7800   13
62.8000   16
62.8200   12
62.8400   17
62.8600   16
62.8800   14
62.9000   12
62.9200   14
62.9400   15
62.9600   15
62.9800   13
63.0000   15
63.0200   9
63.0400   11
63.0600   21
63.0800   6
63.1000   10
63.1200   10
63.1400   13
63.1600   10
63.1800   14
63.2000   17
63.2200   16
63.2400   8
63.2600   12
63.2800   17
63.3000   10
63.3200   14
63.3400   14
63.3600   15
63.3800   20
63.4000   17
63.4200   10
63.4400   12
63.4600   20
63.4800   15
63.5000   9
63.5200   10
63.5400   11
63.5600   17
63.5800   7
63.6000   8
63.6200   14
63.6400   12
63.6600   19
63.6800   18
63.7000   14
63.7200   9
63.7400   9
63.7600   12
63.7800   13
63.8000   10
63.8200   7
63.8400   18
63.8600   9
63.8800   10
63.9000   11
63.9200   17
63.9400   12
63.9600   16
63.9800   14
64.0000   11
64.0200   8
64.0400   17
64.0600   10
64.0800   9
64.1000   12
64.1200   12
64.1400   13
64.1600   5
64.1800   11
64.2000   8
64.2200   12
64.2400   16
64.2600   9
64.2800   12
64.3000   13
64.3200   13
64.3400   9
64.3600   15
64.3800   11
64.4000   12
64.4200   19
64.4400   17
64.4600   11
64.4800   11
64.5000   11
64.5200   12
64.5400   11
64.5600   20
64.5800   7
64.6000   8
64.6200   6
64.6400   9
64.6600   8
64.6800   6
64.7000   6
64.7200   12
64.7400   4
64.7600   6
64.7800   10
64.8000   10
64.8200   16
64.8400   8
64.8600   11
64.8800   12
64.9000   10
64.9200   10
64.9400   11
64.9600   10
64.9800   5
65.0000   13
65.0200   9
65.0400   13
65.0600   10
65.0800   8
65.1000   11
65.1200   7
65.1400   9
65.1600   9
65.1800   14
65.2000   15
65.2200   13
65.2400   11
65.2600   9
65.2800   20
65.3000   6
65.3200   9
65.3400   10
65.3600   17
65.3800   16
65.4000   11
65.4200   10
65.4400   13
65.4600   10
65.4800   8
65.5000   6
65.5200   11
65.5400   12
65.5600   7
65.5800   10
65.6000   16
65.6200   11
65.6400   12
65.6600   10
65.6800   7
65.7000   14
65.7200   14
65.7400   11
65.7600   11
65.7800   8
65.8000   12
65.8200   7
65.8400   6
65.8600   2
65.8800   10
65.9000   8
65.9200   7
65.9400   10
65.9600   15
65.9800   13
66.0000   8
66.0200   9
66.0400   8
66.0600   8
66.0800   9
66.1000   10
66.1200   15
66.1400   10
66.1600   7
66.1800   10
66.2000   10
66.2200   11
66.2400   7
66.2600   14
66.2800   8
66.3000   17
66.3200   8
66.3400   9
66.3600   18
66.3800   13
66.4000   10
66.4200   12
66.4400   14
66.4600   9
66.4800   9
66.5000   16
66.5200   10
66.5400   13
66.5600   12
66.5800   5
66.6000   13
66.6200   6
66.6400   10
66.6600   8
66.6800   13
66.7000   9
66.7200   7
66.7400   8
66.7600   11
66.7800   9
66.8000   8
66.8200   10
66.8400   12
66.8600   15
66.8800   12
66.9000   14
66.9200   12
66.9400   13
66.9600   16
66.9800   11
67.0000   9
67.0200   10
67.0400   12
67.0600   12
67.0800   23
67.1000   10
67.1200   7
67.1400   9
67.1600   13
67.1800   9
67.2000   5
67.2200   10
67.2400   6
67.2600   4
67.2800   11
67.3000   13
67.3200   14
67.3400   11
67.3600   10
67.3800   4
67.4000   13
67.4200   17
67.4400   10
67.4600   11
67.4800   14
67.5000   4
67.5200   13
67.5400   15
67.5600   8
67.5800   15
67.6000   8
67.6200   11
67.6400   12
67.6600   14
67.6800   13
67.7000   10
67.7200   12
67.7400   12
67.7600   6
67.7800   5
67.8000   14
67.8200   6
67.8400   12
67.8600   15
67.8800   13
67.9000   16
67.9200   11
67.9400   13
67.9600   8
67.9800   7
68.0000   11
68.0200   12
68.0400   10
68.0600   11
68.0800   8
68.1000   9
68.1200   7
68.1400   9
68.1600   5
68.1800   10
68.2000   8
68.2200   8
68.2400   9
68.2600   15
68.2800   7
68.3000   14
68.3200   17
68.3400   11
68.3600   8
68.3800   7
68.4000   13
68.4200   10
68.4400   11
68.4600   11
68.4800   8
68.5000   6
68.5200   13
68.5400   11
68.5600   11
68.5800   13
68.6000   11
68.6200   10
68.6400   11
68.6600   13
68.6800   8
68.7000   6
68.7200   18
68.7400   12
68.7600   6
68.7800   14
68.8000   11
68.8200   11
68.8400   9
68.8600   6
68.8800   11
68.9000   12
68.9200   11
68.9400   14
68.9600   6
68.9800   9
69.0000   11
69.0200   10
69.0400   11
69.0600   8
69.0800   11
69.1000   7
69.1200   11
69.1400   13
69.1600   10
69.1800   11
69.2000   13
69.2200   13
69.2400   5
69.2600   17
69.2800   14
69.3000   11
69.3200   10
69.3400   10
69.3600   8
69.3800   16
69.4000   11
69.4200   11
69.4400   5
69.4600   13
69.4800   11
69.5000   8
69.5200   14
69.5400   15
69.5600   6
69.5800   11
69.6000   8
69.6200   6
69.6400   6
69.6600   17
69.6800   12
69.7000   11
69.7200   11
69.7400   6
69.7600   9
69.7800   9
69.8000   12
69.8200   8
69.8400   7
69.8600   7
69.8800   8
69.9000   7
69.9200   12
69.9400   14
69.9600   14
69.9800   14
70.0000   10
70.0200   8
70.0400   11
70.0600   12
70.0800   13
70.1000   9
70.1200   12
70.1400   6
70.1600   9
70.1800   9
70.2000   9
70.2200   11
70.2400   8
70.2600   8
70.2800   13
70.3000   13
70.3200   11
70.3400   8
70.3600   9
70.3800   12
70.4000   10
70.4200   11
70.4400   14
70.4600   13
70.4800   13
70.5000   21
70.5200   7
70.5400   9
70.5600   9
70.5800   20
70.6000   14
70.6200   15
70.6400   12
70.6600   11
70.6800   10
70.7000   11
70.7200   17
70.7400   10
70.7600   11
70.7800   14
70.8000   14
70.8200   9
70.8400   10
70.8600   9
70.8800   7
70.9000   10
70.9200   15
70.9400   11
70.9600   9
70.9800   8
71.0000   8
71.0200   7
71.0400   15
71.0600   8
71.0800   8
71.1000   11
71.1200   13
71.1400   7
71.1600   8
71.1800   8
71.2000   8
71.2200   16
71.2400   6
71.2600   10
71.2800   16
71.3000   5
71.3200   8
71.3400   10
71.3600   13
71.3800   14
71.4000   10
71.4200   10
71.4400   7
71.4600   9
71.4800   13
71.5000   10
71.5200   7
71.5400   9
71.5600   7
71.5800   8
71.6000   10
71.6200   8
71.6400   8
71.6600   6
71.6800   10
71.7000   3
71.7200   9
71.7400   13
71.7600   10
71.7800   13
71.8000   17
71.8200   13
71.8400   10
71.8600   9
71.8800   10
71.9000   16
71.9200   14
71.9400   12
71.9600   10
71.9800   17
72.0000   9
72.0200   13
72.0400   9
72.0600   9
72.0800   16
72.1000   8
72.1200   10
72.1400   10
72.1600   12
72.1800   6
72.2000   4
72.2200   9
72.2400   9
72.2600   13
72.2800   11
72.3000   12
72.3200   9
72.3400   11
72.3600   14
72.3800   6
72.4000   18
72.4200   11
72.4400   3
72.4600   10
72.4800   9
72.5000   15
72.5200   13
72.5400   6
72.5600   9
72.5800   6
72.6000   8
72.6200   11
72.6400   14
72.6600   5
72.6800   7
72.7000   6
72.7200   11
72.7400   7
72.7600   9
72.7800   10
72.8000   6
72.8200   8
72.8400   8
72.8600   8
72.8800   11
72.9000   11
72.9200   11
72.9400   9
72.9600   12
72.9800   5
73.0000   9
73.0200   11
73.0400   7
73.0600   13
73.0800   14
73.1000   15
73.1200   4
73.1400   15
73.1600   14
73.1800   10
73.2000   4
73.2200   9
73.2400   7
73.2600   6
73.2800   6
73.3000   11
73.3200   9
73.3400   11
73.3600   10
73.3800   10
73.4000   12
73.4200   11
73.4400   7
73.4600   13
73.4800   9
73.5000   8
73.5200   14
73.5400   7
73.5600   7
73.5800   11
73.6000   11
73.6200   10
73.6400   12
73.6600   11
73.6800   4
73.7000   11
73.7200   14
73.7400   10
73.7600   9
73.7800   12
73.8000   13
73.8200   5
73.8400   6
73.8600   14
73.8800   10
73.9000   8
73.9200   13
73.9400   7
73.9600   12
73.9800   14
74.0000   7
74.0200   5
74.0400   6
74.0600   9
74.0800   15
74.1000   12
74.1200   8
74.1400   7
74.1600   6
74.1800   9
74.2000   11
74.2200   8
74.2400   11
74.2600   9
74.2800   9
74.3000   10
74.3200   9
74.3400   9
74.3600   8
74.3800   12
74.4000   5
74.4200   12
74.4400   12
74.4600   4
74.4800   8
74.5000   8
74.5200   9
74.5400   8
74.5600   6
74.5800   12
74.6000   7
74.6200   11
74.6400   13
74.6600   11
74.6800   13
74.7000   8
74.7200   17
74.7400   3
74.7600   12
74.7800   7
74.8000   9
74.8200   11
74.8400   8
74.8600   12
74.8800   10
74.9000   10
74.9200   7
74.9400   8
74.9600   7
74.9800   16
75.0000   9
75.0200   8
75.0400   10
75.0600   12
75.0800   9
75.1000   5
75.1200   11
75.1400   9
75.1600   13
75.1800   14
75.2000   6
75.2200   7
75.2400   12
75.2600   13
75.2800   11
75.3000   11
75.3200   13
75.3400   9
75.3600   8
75.3800   6
75.4000   13
75.4200   5
75.4400   10
75.4600   11
75.4800   12
75.5000   7
75.5200   9
75.5400   8
75.5600   10
75.5800   6
75.6000   9
75.6200   12
75.6400   11
75.6600   7
75.6800   13
75.7000   9
75.7200   12
75.7400   12
75.7600   12
75.7800   16
75.8000   12
75.8200   11
75.8400   10
75.8600   9
75.8800   12
75.9000   6
75.9200   7
75.9400   9
75.9600   15
75.9800   10
76.0000   14
76.0200   14
76.0400   14
76.0600   11
76.0800   14
76.1000   14
76.1200   7
76.1400   4
76.1600   5
76.1800   9
76.2000   6
76.2200   10
76.2400   11
76.2600   13
76.2800   4
76.3000   8
76.3200   5
76.3400   7
76.3600   10
76.3800   6
76.4000   10
76.4200   5
76.4400   12
76.4600   11
76.4800   10
76.5000   18
76.5200   9
76.5400   7
76.5600   11
76.5800   10
76.6000   4
76.6200   7
76.6400   9
76.6600   10
76.6800   9
76.7000   11
76.7200   14
76.7400   9
76.7600   9
76.7800   17
76.8000   6
76.8200   7
76.8400   11
76.8600   5
76.8800   8
76.9000   9
76.9200   8
76.9400   10
76.9600   10
76.9800   9
77.0000   13
77.0200   11
77.0400   13
77.0600   12
77.0800   14
77.1000   20
77.1200   15
77.1400   7
77.1600   15
77.1800   11
77.2000   18
77.2200   17
77.2400   20
77.2600   18
77.2800   21
77.3000   37
77.3200   26
77.3400   21
77.3600   34
77.3800   20
77.4000   23
77.4200   14
77.4400   26
77.4600   22
77.4800   26
77.5000   25
77.5200   21
77.5400   29
77.5600   33
77.5800   23
77.6000   18
77.6200   27
77.6400   17
77.6600   28
77.6800   14
77.7000   14
77.7200   12
77.7400   19
77.7600   15
77.7800   21
77.8000   16
77.8200   9
77.8400   10
77.8600   8
77.8800   10
77.9000   15
77.9200   8
77.9400   9
77.9600   10
77.9800   10
78.0000   4
78.0200   6
78.0400   8
78.0600   12
78.0800   4
78.1000   10
78.1200   8
78.1400   6
78.1600   17
78.1800   8
78.2000   8
78.2200   12
78.2400   13
78.2600   12
78.2800   11
78.3000   10
78.3200   6
78.3400   4
78.3600   9
78.3800   14
78.4000   13
78.4200   10
78.4400   10
78.4600   11
78.4800   13
78.5000   5
78.5200   12
78.5400   9
78.5600   8
78.5800   7
78.6000   9
78.6200   17
78.6400   9
78.6600   12
78.6800   9
78.7000   10
78.7200   18
78.7400   16
78.7600   6
78.7800   8
78.8000   11
78.8200   10
78.8400   12
78.8600   7
78.8800   12
78.9000   8
78.9200   12
78.9400   11
78.9600   7
78.9800   8
79.0000   8
79.0200   5
79.0400   5
79.0600   14
79.0800   12
79.1000   13
79.1200   11
79.1400   8
79.1600   15
79.1800   13
79.2000   6
79.2200   22
79.2400   11
79.2600   6
79.2800   12
79.3000   10
79.3200   14
79.3400   11
79.3600   13
79.3800   12
79.4000   10
79.4200   10
79.4400   9
79.4600   10
79.4800   6
79.5000   9
79.5200   13
79.5400   9
79.5600   15
79.5800   12
79.6000   12
79.6200   10
79.6400   5
79.6600   7
79.6800   8
79.7000   7
79.7200   7
79.7400   6
79.7600   5
79.7800   8
79.8000   7
79.8200   14
79.8400   6
79.8600   9
79.8800   9
79.9000   14
79.9200   6
79.9400   12
79.9600   10
79.9800   7
80.0000   14
80.0200   14
80.0400   14
80.0600   7
80.0800   14
80.1000   9
80.1200   7
80.1400   10
80.1600   11
80.1800   8
80.2000   11
80.2200   7
80.2400   13
80.2600   7
80.2800   11
80.3000   12
80.3200   14
80.3400   10
80.3600   10
80.3800   9
80.4000   9
80.4200   13
80.4400   13
80.4600   7
80.4800   8
80.5000   12
80.5200   1
80.5400   10
80.5600   8
80.5800   3
80.6000   11
80.6200   7
80.6400   9
80.6600   13
80.6800   9
80.7000   7
80.7200   17
80.7400   16
80.7600   13
80.7800   3
80.8000   11
80.8200   8
80.8400   8
80.8600   11
80.8800   8
80.9000   5
80.9200   10
80.9400   8
80.9600   12
80.9800   15
81.0000   14
81.0200   9
81.0400   13
81.0600   5
81.0800   12
81.1000   7
81.1200   9
81.1400   11
81.1600   5
81.1800   4
81.2000   14
81.2200   7
81.2400   11
81.2600   11
81.2800   8
81.3000   9
81.3200   13
81.3400   4
81.3600   7
81.3800   11
81.4000   6
81.4200   8
81.4400   9
81.4600   11
81.4800   9
81.5000   7
81.5200   10
81.5400   14
81.5600   9
81.5800   10
81.6000   14
81.6200   9
81.6400   9
81.6600   6
81.6800   7
81.7000   10
81.7200   9
81.7400   3
81.7600   3
81.7800   7
81.8000   10
81.8200   8
81.8400   10
81.8600   12
81.8800   12
81.9000   8
81.9200   12
81.9400   11
81.9600   7
81.9800   13
82.0000   6
82.0200   10
82.0400   15
82.0600   4
82.0800   11
82.1000   10
82.1200   8
82.1400   9
82.1600   11
82.1800   8
82.2000   9
82.2200   8
82.2400   8
82.2600   14
82.2800   7
82.3000   9
82.3200   6
82.3400   10
82.3600   7
82.3800   5
82.4000   14
82.4200   9
82.4400   9
82.4600   15
82.4800   11
82.5000   12
82.5200   13
82.5400   8
82.5600   10
82.5800   7
82.6000   10
82.6200   12
82.6400   11
82.6600   10
82.6800   14
82.7000   16
82.7200   12
82.7400   11
82.7600   15
82.7800   15
82.8000   7
82.8200   6
82.8400   9
82.8600   8
82.8800   10
82.9000   21
82.9200   11
82.9400   12
82.9600   15
82.9800   11
83.0000   14
83.0200   14
83.0400   11
83.0600   17
83.0800   7
83.1000   11
83.1200   11
83.1400   14
83.1600   19
83.1800   15
83.2000   17
83.2200   19
83.2400   15
83.2600   13
83.2800   18
83.3000   24
83.3200   18
83.3400   38
83.3600   18
83.3800   20
83.4000   26
83.4200   34
83.4400   34
83.4600   22
83.4800   25
83.5000   30
83.5200   21
83.5400   21
83.5600   32
83.5800   25
83.6000   25
83.6200   35
83.6400   22
83.6600   20
83.6800   19
83.7000   18
83.7200   16
83.7400   19
83.7600   27
83.7800   22
83.8000   20
83.8200   23
83.8400   16
83.8600   16
83.8800   18
83.9000   22
83.9200   22
83.9400   15
83.9600   19
83.9800   21
84.0000   16
84.0200   17
84.0400   16
84.0600   13
84.0800   18
84.1000   10
84.1200   13
84.1400   15
84.1600   14
84.1800   13
84.2000   11
84.2200   12
84.2400   14
84.2600   11
84.2800   8
84.3000   10
84.3200   12
84.3400   10
84.3600   16
84.3800   11
84.4000   8
84.4200   15
84.4400   9
84.4600   12
84.4800   8
84.5000   12
84.5200   10
84.5400   12
84.5600   11
84.5800   13
84.6000   7
84.6200   13
84.6400   12
84.6600   11
84.6800   9
84.7000   7
84.7200   11
84.7400   10
84.7600   11
84.7800   7
84.8000   10
84.8200   9
84.8400   16
84.8600   3
84.8800   17
84.9000   17
84.9200   12
84.9400   13
84.9600   4
84.9800   11
85.0000   14
85.0200   5
85.0400   14
85.0600   8
85.0800   11
85.1000   7
85.1200   9
85.1400   9
85.1600   6
85.1800   9
85.2000   10
85.2200   6
85.2400   15
85.2600   10
85.2800   6
85.3000   15
85.3200   14
85.3400   10
85.3600   7
85.3800   11
85.4000   12
85.4200   2
85.4400   7
85.4600   7
85.4800   9
85.5000   10
85.5200   9
85.5400   13
85.5600   11
85.5800   10
85.6000   17
85.6200   16
85.6400   10
85.6600   11
85.6800   8
85.7000   7
85.7200   18
85.7400   12
85.7600   18
85.7800   13
85.8000   6
85.8200   12
85.8400   9
85.8600   13
85.8800   6
85.9000   11
85.9200   12
85.9400   15
85.9600   10
85.9800   8
86.0000   14
86.0200   8
86.0400   11
86.0600   7
86.0800   6
86.1000   7
86.1200   13
86.1400   16
86.1600   11
86.1800   17
86.2000   13
86.2200   11
86.2400   9
86.2600   17
86.2800   6
86.3000   11
86.3200   16
86.3400   12
86.3600   16
86.3800   13
86.4000   7
86.4200   7
86.4400   12
86.4600   16
86.4800   11
86.5000   22
86.5200   15
86.5400   16
86.5600   20
86.5800   14
86.6000   15
86.6200   14
86.6400   20
86.6600   19
86.6800   28
86.7000   18
86.7200   23
86.7400   25
86.7600   30
86.7800   25
86.8000   24
86.8200   15
86.8400   27
86.8600   20
86.8800   20
86.9000   30
86.9200   26
86.9400   30
86.9600   37
86.9800   26
87.0000   34
87.0200   29
87.0400   28
87.0600   34
87.0800   18
87.1000   16
87.1200   21
87.1400   25
87.1600   15
87.1800   20
87.2000   26
87.2200   18
87.2400   25
87.2600   15
87.2800   23
87.3000   24
87.3200   11
87.3400   16
87.3600   8
87.3800   31
87.4000   15
87.4200   10
87.4400   7
87.4600   14
87.4800   10
87.5000   11
87.5200   14
87.5400   9
87.5600   9
87.5800   7
87.6000   10
87.6200   9
87.6400   10
87.6600   7
87.6800   15
87.7000   8
87.7200   6
87.7400   15
87.7600   12
87.7800   8
87.8000   6
87.8200   10
87.8400   11
87.8600   10
87.8800   8
87.9000   10
87.9200   10
87.9400   15
87.9600   6
87.9800   10
88.0000   9
88.0200   8
88.0400   13
88.0600   9
88.0800   12
88.1000   13
88.1200   10
88.1400   7
88.1600   12
88.1800   8
88.2000   0
88.2200   11
88.2400   10
88.2600   9
88.2800   7
88.3000   13
88.3200   9
88.3400   9
88.3600   5
88.3800   10
88.4000   12
88.4200   9
88.4400   7
88.4600   8
88.4800   9
88.5000   3
88.5200   6
88.5400   6
88.5600   9
88.5800   3
88.6000   10
88.6200   7
88.6400   8
88.6600   5
88.6800   5
88.7000   9
88.7200   6
88.7400   3
88.7600   9
88.7800   8
88.8000   7
88.8200   7
88.8400   9
88.8600   8
88.8800   14
88.9000   7
88.9200   8
88.9400   9
88.9600   5
88.9800   8
89.0000   11
89.0200   6
89.0400   9
89.0600   13
89.0800   8
89.1000   7
89.1200   5
89.1400   6
89.1600   4
89.1800   8
89.2000   8
89.2200   6
89.2400   7
89.2600   5
89.2800   6
89.3000   13
89.3200   13
89.3400   14
89.3600   8
89.3800   7
89.4000   7
89.4200   8
89.4400   11
89.4600   11
89.4800   8
89.5000   8
89.5200   5
89.5400   14
89.5600   5
89.5800   10
89.6000   6
89.6200   5
89.6400   3
89.6600   6
89.6800   3
89.7000   8
89.7200   7
89.7400   7
89.7600   9
89.7800   8
89.8000   5
89.8200   11
89.8400   4
89.8600   5
89.8800   5
89.9000   9
89.9200   10
89.9400   9
89.9600   8
89.9800   5
90.0000   6
90.0200   5
90.0400   5
90.0600   3
90.0800   5
90.1000   13
90.1200   9
90.1400   5
90.1600   6
90.1800   4
90.2000   3
90.2200   5
90.2400   7
90.2600   5
90.2800   4
90.3000   4
90.3200   4
90.3400   13
90.3600   4
90.3800   6
90.4000   8
90.4200   10
90.4400   6
90.4600   8
90.4800   9
90.5000   5
90.5200   6
90.5400   9
90.5600   7
90.5800   7
90.6000   9
90.6200   6
90.6400   5
90.6600   7
90.6800   6
90.7000   5
90.7200   7
90.7400   7
90.7600   6
90.7800   7
90.8000   7
90.8200   8
90.8400   6
90.8600   4
90.8800   7
90.9000   5
90.9200   5
90.9400   10
90.9600   8
90.9800   6
91.0000   6
91.0200   6
91.0400   12
91.0600   11
91.0800   9
91.1000   4
91.1200   7
91.1400   7
91.1600   7
91.1800   5
91.2000   11
91.2200   9
91.2400   6
91.2600   3
91.2800   9
91.3000   4
91.3200   5
91.3400   4
91.3600   5
91.3800   6
91.4000   12
91.4200   3
91.4400   9
91.4600   3
91.4800   8
91.5000   5
91.5200   7
91.5400   10
91.5600   8
91.5800   4
91.6000   4
91.6200   11
91.6400   6
91.6600   7
91.6800   5
91.7000   10
91.7200   5
91.7400   6
91.7600   6
91.7800   2
91.8000   7
91.8200   8
91.8400   7
91.8600   8
91.8800   9
91.9000   6
91.9200   6
91.9400   9
91.9600   9
91.9800   7
92.0000   5
92.0200   7
92.0400   6
92.0600   0
92.0800   3
92.1000   6
92.1200   8
92.1400   7
92.1600   3
92.1800   8
92.2000   7
92.2200   3
92.2400   7
92.2600   7
92.2800   3
92.3000   3
92.3200   4
92.3400   7
92.3600   5
92.3800   8
92.4000   10
92.4200   4
92.4400   9
92.4600   8
92.4800   7
92.5000   4
92.5200   4
92.5400   9
92.5600   4
92.5800   12
92.6000   6
92.6200   3
92.6400   6
92.6600   10
92.6800   6
92.7000   8
92.7200   7
92.7400   6
92.7600   8
92.7800   10
92.8000   6
92.8200   4
92.8400   6
92.8600   4
92.8800   3
92.9000   6
92.9200   9
92.9400   5
92.9600   4
92.9800   13
93.0000   4
93.0200   6
93.0400   6
93.0600   8
93.0800   8
93.1000   5
93.1200   9
93.1400   9
93.1600   10
93.1800   7
93.2000   2
93.2200   8
93.2400   5
93.2600   6
93.2800   8
93.3000   7
93.3200   6
93.3400   3
93.3600   6
93.3800   6
93.4000   9
93.4200   6
93.4400   5
93.4600   6
93.4800   6
93.5000   9
93.5200   8
93.5400   7
93.5600   10
93.5800   6
93.6000   6
93.6200   7
93.6400   10
93.6600   14
93.6800   8
93.7000   8
93.7200   3
93.7400   6
93.7600   7
93.7800   9
93.8000   12
93.8200   8
93.8400   9
93.8600   14
93.8800   4
93.9000   11
93.9200   3
93.9400   11
93.9600   5
93.9800   4
94.0000   5
94.0200   9
94.0400   10
94.0600   8
94.0800   7
94.1000   7
94.1200   13
94.1400   8
94.1600   4
94.1800   10
94.2000   3
94.2200   9
94.2400   5
94.2600   5
94.2800   13
94.3000   4
94.3200   8
94.3400   9
94.3600   8
94.3800   7
94.4000   13
94.4200   2
94.4400   10
94.4600   12
94.4800   7
94.5000   5
94.5200   7
94.5400   5
94.5600   3
94.5800   3
94.6000   8
94.6200   6
94.6400   11
94.6600   9
94.6800   8
94.7000   9
94.7200   3
94.7400   10
94.7600   2
94.7800   7
94.8000   7
94.8200   13
94.8400   4
94.8600   5
94.8800   3
94.9000   4
94.9200   6
94.9400   12
94.9600   5
94.9800   4
95.0000   11
95.0200   5
95.0400   4
95.0600   6
95.0800   7
95.1000   7
95.1200   5
95.1400   4
95.1600   9
95.1800   4
95.2000   11
95.2200   4
95.2400   7
95.2600   7
95.2800   6
95.3000   4
95.3200   4
95.3400   6
95.3600   4
95.3800   2
95.4000   8
95.4200   6
95.4400   5
95.4600   3
95.4800   5
95.5000   7
95.5200   4
95.5400   4
95.5600   5
95.5800   5
95.6000   10
95.6200   7
95.6400   7
95.6600   2
95.6800   5
95.7000   5
95.7200   3
95.7400   7
95.7600   4
95.7800   4
95.8000   5
95.8200   4
95.8400   7
95.8600   9
95.8800   7
95.9000   6
95.9200   3
95.9400   7
95.9600   5
95.9800   5
96.0000   7
96.0200   5
96.0400   6
96.0600   3
96.0800   3
96.1000   7
96.1200   9
96.1400   6
96.1600   7
96.1800   13
96.2000   4
96.2200   6
96.2400   8
96.2600   5
96.2800   9
96.3000   7
96.3200   9
96.3400   6
96.3600   12
96.3800   7
96.4000   9
96.4200   5
96.4400   4
96.4600   6
96.4800   8
96.5000   8
96.5200   7
96.5400   8
96.5600   7
96.5800   5
96.6000   7
96.6200   7
96.6400   3
96.6600   5
96.6800   7
96.7000   5
96.7200   6
96.7400   4
96.7600   6
96.7800   11
96.8000   6
96.8200   5
96.8400   7
96.8600   8
96.8800   8
96.9000   10
96.9200   4
96.9400   8
96.9600   10
96.9800   7
97.0000   2
97.0200   10
97.0400   11
97.0600   6
97.0800   5
97.1000   7
97.1200   7
97.1400   11
97.1600   4
97.1800   6
97.2000   4
97.2200   7
97.2400   7
97.2600   7
97.2800   12
97.3000   3
97.3200   5
97.3400   9
97.3600   6
97.3800   4
97.4000   9
97.4200   5
97.4400   4
97.4600   4
97.4800   13
97.5000   3
97.5200   6
97.5400   7
97.5600   4
97.5800   6
97.6000   5
97.6200   5
97.6400   10
97.6600   8
97.6800   4
97.7000   10
97.7200   6
97.7400   5
97.7600   8
97.7800   7
97.8000   5
97.8200   11
97.8400   6
97.8600   5
97.8800   6
97.9000   6
97.9200   6
97.9400   8
97.9600   7
97.9800   3
98.0000   6
98.0200   2
98.0400   13
98.0600   7
98.0800   4
98.1000   8
98.1200   8
98.1400   5
98.1600   10
98.1800   9
98.2000   7
98.2200   6
98.2400   12
98.2600   6
98.2800   9
98.3000   11
98.3200   6
98.3400   3
98.3600   7
98.3800   4
98.4000   6
98.4200   5
98.4400   10
98.4600   8
98.4800   12
98.5000   11
98.5200   8
98.5400   5
98.5600   6
98.5800   4
98.6000   7
98.6200   8
98.6400   12
98.6600   1
98.6800   7
98.7000   7
98.7200   7
98.7400   4
98.7600   7
98.7800   4
98.8000   10
98.8200   4
98.8400   5
98.8600   5
98.8800   12
98.9000   4
98.9200   8
98.9400   6
98.9600   4
98.9800   5
99.0000   5
99.0200   4
99.0400   10
99.0600   8
99.0800   6
99.1000   14
99.1200   6
99.1400   7
99.1600   10
99.1800   10
99.2000   10
99.2200   13
99.2400   7
99.2600   8
99.2800   9
99.3000   6
99.3200   6
99.3400   13
99.3600   3
99.3800   11
99.4000   9
99.4200   8
99.4400   10
99.4600   7
99.4800   11
99.5000   7
99.5200   4
99.5400   6
99.5600   16
99.5800   13
99.6000   8
99.6200   7
99.6400   7
99.6600   4
99.6800   12
99.7000   10
99.7200   7
99.7400   5
99.7600   6
99.7800   6
99.8000   6
99.8200   6
99.8400   7
99.8600   6
99.8800   6
99.9000   8
99.9200   11
99.9400   8
99.9600   7
99.9800   5
100.0000   6
