20.0000   1
20.0200   5
20.0400   3
20.0600   4
20.0800   5
20.1000   5
20.1200   4
20.1400   4
20.1600   3
20.1800   2
20.2000   4
20.2200   3
20.2400   4
20.2600   5
20.2800   8
20.3000   4
20.3200   1
20.3400   6
20.3600   2
20.3800   3
20.4000   0
20.4200   4
20.4400   2
20.4600   7
20.4800   4
20.5000   2
20.5200   4
20.5400   1
20.5600   4
20.5800   1
20.6000   2
20.6200   5
20.6400   5
20.6600   5
20.6800   1
20.7000   3
20.7200   3
20.7400   0
20.7600   5
20.7800   5
20.8000   0
20.8200   1
20.8400   2
20.8600   3
20.8800   6
20.9000   5
20.9200   1
20.9400   1
20.9600   3
20.9800   3
21.0000   5
21.0200   2
21.0400   3
21.0600   3
21.0800   3
21.1000   2
21.1200   2
21.1400   3
21.1600   2
21.1800   4
21.2000   3
21.2200   0
21.2400   3
21.2600   3
21.2800   1
21.3000   0
21.3200   6
21.3400   1
21.3600   4
21.3800   5
21.4000   1
21.4200   0
21.4400   4
21.4600   2
21.4800   2
21.5000   2
21.5200   2
21.5400   2
21.5600   3
21.5800   3
21.6000   3
21.6200   0
21.6400   1
21.6600   3
21.6800   2
21.7000   3
21.7200   4
21.7400   5
21.7600   5
21.7800   3
21.8000   1
21.8200   4
21.8400   3
21.8600   1
21.8800   2
21.9000   2
21.9200   1
21.9400   2
21.9600   3
21.9800   3
22.0000   0
22.0200   2
22.0400   4
22.0600   2
22.0800   0
22.1000   4
22.1200   1
22.1400   1
22.1600   4
22.1800   1
22.2000   3
22.2200   2
22.2400   2
22.2600   2
22.2800   5
22.3000   2
22.3200   1
22.3400   2
22.3600   2
22.3800   5
22.4000   4
22.4200   0
22.4400   2
22.4600   3
22.4800   2
22.5000   4
22.5200   3
22.5400   3
22.5600   1
22.5800   5
22.6000   2
22.6200   3
22.6400   3
22.6600   0
22.6800   3
22.7000   3
22.7200   5
22.7400   3
22.7600   4
22.7800   1
22.8000   4
22.8200   3
22.8400   2
22.8600   1
22.8800   4
22.9000   0
22.9200   3
22.9400   2
22.9600   2
22.9800   4
23.0000   1
23.0200   4
23.0400   2
23.0600   3
23.0800   3
23.1000   4
23.1200   2
23.1400   1
23.1600   1
23.1800   2
23.2000   3
23.2200   2
23.2400   5
23.2600   2
23.2800   3
23.3000   2
23.3200   1
23.3400   3
23.3600   2
23.3800   5
23.4000   3
23.4200   3
23.4400   3
23.4600   3
23.4800   0
23.5000   0
23.5200   1
23.5400   1
23.5600   1
23.5800   5
23.6000   1
23.6200   1
23.6400   3
23.6600   1
23.6800   3
23.7000   2
23.7200   4
23.7400   1
23.7600   2
23.7800   1
23.8000   1
23.8200   2
23.8400   2
23.8600   2
23.8800   4
23.9000   1
23.9200   0
23.9400   3
23.9600   2
23.9800   3
24.0000   7
24.0200   7
24.0400   0
24.0600   3
24.0800   4
24.1000   3
24.1200   2
24.1400   4
24.1600   1
24.1800   3
24.2000   4
24.2200   2
24.2400   4
24.2600   1
24.2800   0
24.3000   3
24.3200   4
24.3400   1
24.3600   2
24.3800   4
24.4000   1
24.4200   1
24.4400   2
24.4600   2
24.4800   2
24.5000   1
24.5200   1
24.5400   3
24.5600   1
24.5800   4
24.6000   4
24.6200   0
24.6400   2
24.6600   2
24.6800   2
24.7000   1
24.7200   1
24.7400   0
24.7600   2
24.7800   3
24.8000   2
24.8200   5
24.8400   4
24.8600   0
24.8800   0
24.9000   1
24.9200   1
24.9400   4
24.9600   1
24.9800   2
25.0000   2
25.0200   1
25.0400   4
25.0600   2
25.0800   4
25.1000   2
25.1200   2
25.1400   0
25.1600   5
25.1800   1
25.2000   5
25.2200   3
25.2400   0
25.2600   2
25.2800   1
25.3000   5
25.3200   1
25.3400   4
25.3600   1
25.3800   2
25.4000   1
25.4200   4
25.4400   2
25.4600   3
25.4800   3
25.5000   1
25.5200   2
25.5400   0
25.5600   2
25.5800   4
25.6000   3
25.6200   2
25.6400   0
25.6600   2
25.6800   1
25.7000   3
25.7200   7
25.7400   2
25.7600   0
25.7800   3
25.8000   1
25.8200   2
25.8400   3
25.8600   2
25.8800   3
25.9000   3
25.9200   2
25.9400   3
25.9600   3
25.9800   3
26.0000   4
26.0200   1
26.0400   4
26.0600   4
26.0800   2
26.1000   1
26.1200   2
26.1400   1
26.1600   6
26.1800   3
26.2000   2
26.2200   2
26.2400   3
26.2600   2
26.2800   4
26.3000   4
26.3200   6
26.3400   0
26.3600   3
26.3800   3
26.4000   4
26.4200   3
26.4400   5
26.4600   5
26.4800   6
26.5000   2
26.5200   5
26.5400   2
26.5600   1
26.5800   2
26.6000   2
26.6200   5
26.6400   3
26.6600   3
26.6800   4
26.7000   5
26.7200   2
26.7400   2
26.7600   0
26.7800   1
26.8000   2
26.8200   2
26.8400   1
26.8600   2
26.8800   3
26.9000   4
26.9200   2
26.9400   1
26.9600   0
26.9800   3
27.0000   3
27.0200   2
27.0400   0
27.0600   2
27.0800   2
27.1000   2
27.1200   3
27.1400   1
27.1600   1
27.1800   0
27.2000   3
27.2200   4
27.2400   3
27.2600   4
27.2800   2
27.3000   2
27.3200   3
27.3400   1
27.3600   0
27.3800   6
27.4000   0
27.4200   4
27.4400   0
27.4600   1
27.4800   2
27.5000   4
27.5200   2
27.5400   4
27.5600   0
27.5800   3
27.6000   2
27.6200   1
27.6400   2
27.6600   4
27.6800   0
27.7000   4
27.7200   0
27.7400   2
27.7600   2
27.7800   1
27.8000   0
27.8200   2
27.8400   2
27.8600   1
27.8800   1
27.9000   1
27.9200   0
27.9400   2
27.9600   2
27.9800   3
28.0000   4
28.0200   1
28.0400   3
28.0600   3
28.0800   1
28.1000   0
28.1200   0
28.1400   1
28.1600   3
28.1800   7
28.2000   2
28.2200   2
28.2400   5
28.2600   0
28.2800   2
28.3000   6
28.3200   4
28.3400   5
28.3600   6
28.3800   10
28.4000   2
28.4200   3
28.4400   3
28.4600   3
28.4800   5
28.5000   5
28.5200   2
28.5400   1
28.5600   5
28.5800   4
28.6000   1
28.6200   3
28.6400   1
28.6600   0
28.6800   3
28.7000   1
28.7200   0
28.7400   0
28.7600   4
28.7800   2
28.8000   1
28.8200   0
28.8400   5
28.8600   2
28.8800   2
28.9000   2
28.9200   4
28.9400   4
28.9600   1
28.9800   1
29.0000   2
29.0200   2
29.0400   3
29.0600   0
29.0800   0
29.1000   1
29.1200   4
29.1400   3
29.1600   2
29.1800   3
29.2000   4
29.2200   3
29.2400   1
29.2600   0
29.2800   1
29.3000   0
29.3200   1
29.3400   3
29.3600   1
29.3800   2
29.4000   4
29.4200   1
29.4400   1
29.4600   2
29.4800   2
29.5000   0
29.5200   3
29.5400   2
29.5600   2
29.5800   1
29.6000   3
29.6200   1
29.6400   1
29.6600   1
29.6800   2
29.7000   2
29.7200   4
29.7400   2
29.7600   2
29.7800   4
29.8000   4
29.8200   1
29.8400   0
29.8600   1
29.8800   2
29.9000   0
29.9200   2
29.9400   6
29.9600   2
29.9800   5
30.0000   2
30.0200   3
30.0400   0
30.0600   1
30.0800   3
30.1000   2
30.1200   1
30.1400   0
30.1600   0
30.1800   0
30.2000   0
30.2200   2
30.2400   0
30.2600   0
30.2800   2
30.3000   2
30.3200   1
30.3400   1
30.3600   2
30.3800   2
30.4000   4
30.4200   4
30.4400   1
30.4600   0
30.4800   4
30.5000   4
30.5200   2
30.5400   3
30.5600   3
30.5800   0
30.6000   0
30.6200   2
30.6400   2
30.6600   1
30.6800   3
30.7000   4
30.7200   2
30.7400   0
30.7600   1
30.7800   4
30.8000   1
30.8200   1
30.8400   3
30.8600   1
30.8800   1
30.9000   4
30.9200   1
30.9400   1
30.9600   0
30.9800   1
31.0000   2
31.0200   2
31.0400   4
31.0600   2
31.0800   1
31.1000   2
31.1200   2
31.1400   1
31.1600   4
31.1800   5
31.2000   1
31.2200   1
31.2400   1
31.2600   3
31.2800   0
31.3000   3
31.3200   1
31.3400   4
31.3600   1
31.3800   3
31.4000   3
31.4200   2
31.4400   4
31.4600   2
31.4800   4
31.5000   2
31.5200   5
31.5400   2
31.5600   6
31.5800   5
31.6000   0
31.6200   6
31.6400   3
31.6600   8
31.6800   7
31.7000   10
31.7200   3
31.7400   3
31.7600   1
31.7800   3
31.8000   1
31.8200   1
31.8400   0
31.8600   3
31.8800   2
31.9000   1
31.9200   1
31.9400   0
31.9600   0
31.9800   0
32.0000   4
32.0200   1
32.0400   2
32.0600   1
32.0800   1
32.1000   0
32.1200   4
32.1400   3
32.1600   1
32.1800   1
32.2000   3
32.2200   1
32.2400   0
32.2600   2
32.2800   0
32.3000   2
32.3200   2
32.3400   3
32.3600   1
32.3800   0
32.4000   1
32.4200   0
32.4400   2
32.4600   2
32.4800   0
32.5000   0
32.5200   1
32.5400   1
32.5600   1
32.5800   1
32.6000   2
32.6200   2
32.6400   4
32.6600   2
32.6800   0
32.7000   2
32.7200   1
32.7400   0
32.7600   3
32.7800   1
32.8000   1
32.8200   1
32.8400   1
32.8600   1
32.8800   3
32.9000   0
32.9200   2
32.9400   2
32.9600   3
32.9800   2
33.0000   0
33.0200   5
33.0400   2
33.0600   0
33.0800   3
33.1000   2
33.1200   1
33.1400   0
33.1600   1
33.1800   0
33.2000   3
33.2200   3
33.2400   2
33.2600   1
33.2800   0
33.3000   3
33.3200   3
33.3400   3
33.3600   3
33.3800   0
33.4000   0
33.4200   1
33.4400   2
33.4600   0
33.4800   1
33.5000   1
33.5200   2
33.5400   2
33.5600   1
33.5800   3
33.6000   2
33.6200   1
33.6400   1
33.6600   0
33.6800   3
33.7000   2
33.7200   2
33.7400   2
33.7600   1
33.7800   3
33.8000   1
33.8200   1
33.8400   3
33.8600   0
33.8800   5
33.9000   1
33.9200   2
33.9400   4
33.9600   3
33.9800   3
34.0000   1
34.0200   1
34.0400   2
34.0600   0
34.0800   3
34.1000   1
34.1200   1
34.1400   5
34.1600   2
34.1800   6
34.2000   0
34.2200   3
34.2400   2
34.2600   0
34.2800   0
34.3000   0
34.3200   1
34.3400   0
34.3600   3
34.3800   2
34.4000   2
34.4200   3
34.4400   1
34.4600   2
34.4800   1
34.5000   2
34.5200   0
34.5400   4
34.5600   2
34.5800   2
34.6000   2
34.6200   3
34.6400   1
34.6600   2
34.6800   2
34.7000   2
34.7200   2
34.7400   3
34.7600   2
34.7800   1
34.8000   1
34.8200   1
34.8400   1
34.8600   5
34.8800   1
34.9000   2
34.9200   1
34.9400   1
34.9600   2
34.9800   0
35.0000   2
35.0200   3
35.0400   0
35.0600   4
35.0800   1
35.1000   2
35.1200   3
35.1400   2
35.1600   2
35.1800   1
35.2000   2
35.2200   4
35.2400   1
35.2600   4
35.2800   2
35.3000   0
35.3200   1
35.3400   3
35.3600   0
35.3800   4
35.4000   1
35.4200   3
35.4400   2
35.4600   4
35.4800   0
35.5000   2
35.5200   1
35.5400   2
35.5600   1
35.5800   5
35.6000   1
35.6200   3
35.6400   1
35.6600   2
35.6800   0
35.7000   4
35.7200   1
35.7400   1
35.7600   2
35.7800   3
35.8000   1
35.8200   2
35.8400   1
35.8600   2
35.8800   0
35.9000   2
35.9200   2
35.9400   0
35.9600   3
35.9800   4
36.0000   4
36.0200   1
36.0400   0
36.0600   1
36.0800   3
36.1000   0
36.1200   2
36.1400   2
36.1600   1
36.1800   0
36.2000   2
36.2200   3
36.2400   2
36.2600   2
36.2800   2
36.3000   1
36.3200   0
36.3400   3
36.3600   1
36.3800   0
36.4000   0
36.4200   2
36.4400   2
36.4600   0
36.4800   0
36.5000   2
36.5200   1
36.5400   1
36.5600   2
36.5800   2
36.6000   0
36.6200   2
36.6400   3
36.6600   4
36.6800   2
36.7000   4
36.7200   2
36.7400   4
36.7600   1
36.7800   1
36.8000   0
36.8200   2
36.8400   2
36.8600   0
36.8800   1
36.9000   2
36.9200   5
36.9400   3
36.9600   1
36.9800   5
37.0000   1
37.0200   2
37.0400   2
37.0600   1
37.0800   1
37.1000   4
37.1200   2
37.1400   3
37.1600   1
37.1800   2
37.2000   2
37.2200   0
37.2400   2
37.2600   1
37.2800   6
37.3000   2
37.3200   1
37.3400   1
37.3600   0
37.3800   5
37.4000   1
37.4200   2
37.4400   1
37.4600   3
37.4800   2
37.5000   5
37.5200   4
37.5400   3
37.5600   6
37.5800   2
37.6000   3
37.6200   3
37.6400   2
37.6600   0
37.6800   2
37.7000   2
37.7200   2
37.7400   1
37.7600   5
37.7800   3
37.8000   2
37.8200   1
37.8400   0
37.8600   5
37.8800   1
37.9000   4
37.9200   4
37.9400   3
37.9600   5
37.9800   5
38.0000   14
38.0200   2
38.0400   6
38.0600   10
38.0800   4
38.1000   9
38.1200   8
38.1400   10
38.1600   10
38.1800   17
38.2000   12
38.2200   22
38.2400   36
38.2600   47
38.2800   60
38.3000   70
38.3200   117
38.3400   87
38.3600   111
38.3800   95
38.4000   53
38.4200   80
38.4400   58
38.4600   42
38.4800   21
38.5000   25
38.5200   18
38.5400   17
38.5600   13
38.5800   4
38.6000   9
38.6200   6
38.6400   13
38.6600   8
38.6800   9
38.7000   12
38.7200   4
38.7400   4
38.7600   13
38.7800   5
38.8000   6
38.8200   7
38.8400   8
38.8600   7
38.8800   6
38.9000   3
38.9200   6
38.9400   8
38.9600   5
38.9800   9
39.0000   6
39.0200   6
39.0400   10
39.0600   4
39.0800   6
39.1000   8
39.1200   4
39.1400   6
39.1600   6
39.1800   15
39.2000   8
39.2200   8
39.2400   6
39.2600   7
39.2800   7
39.3000   9
39.3200   7
39.3400   9
39.3600   6
39.3800   10
39.4000   14
39.4200   9
39.4400   8
39.4600   8
39.4800   16
39.5000   12
39.5200   20
39.5400   10
39.5600   13
39.5800   14
39.6000   16
39.6200   13
39.6400   24
39.6600   18
39.6800   17
39.7000   18
39.7200   24
39.7400   22
39.7600   21
39.7800   22
39.8000   32
39.8200   24
39.8400   25
39.8600   28
39.8800   40
39.9000   42
39.9200   47
39.9400   44
39.9600   54
39.9800   50
40.0000   69
40.0200   57
40.0400   75
40.0600   74
40.0800   96
40.1000   104
40.1200   123
40.1400   116
40.1600   167
40.1800   162
40.2000   224
40.2200   211
40.2400   316
40.2600   365
40.2800   448
40.3000   483
40.3200   626
40.3400   702
40.3600   925
40.3800   1027
40.4000   1194
40.4200   1309
40.4400   1404
40.4600   1320
40.4800   1337
40.5000   1245
40.5200   1117
40.5400   1007
40.5600   912
40.5800   783
40.6000   562
40.6200   565
40.6400   445
40.6600   342
40.6800   261
40.7000   228
40.7200   203
40.7400   205
40.7600   143
40.7800   125
40.8000   108
40.8200   112
40.8400   93
40.8600   96
40.8800   68
40.9000   62
40.9200   47
40.9400   45
40.9600   45
40.9800   49
41.0000   38
41.0200   32
41.0400   43
41.0600   37
41.0800   33
41.1000   22
41.1200   28
41.1400   18
41.1600   22
41.1800   26
41.2000   19
41.2200   13
41.2400   17
41.2600   16
41.2800   18
41.3000   8
41.3200   13
41.3400   7
41.3600   11
41.3800   10
41.4000   11
41.4200   13
41.4400   7
41.4600   13
41.4800   11
41.5000   11
41.5200   7
41.5400   4
41.5600   8
41.5800   7
41.6000   9
41.6200   4
41.6400   8
41.6600   10
41.6800   9
41.7000   10
41.7200   5
41.7400   7
41.7600   10
41.7800   4
41.8000   3
41.8200   5
41.8400   10
41.8600   0
41.8800   7
41.9000   3
41.9200   9
41.9400   4
41.9600   6
41.9800   5
42.0000   4
42.0200   4
42.0400   1
42.0600   4
42.0800   3
42.1000   1
42.1200   1
42.1400   1
42.1600   3
42.1800   1
42.2000   6
42.2200   5
42.2400   7
42.2600   4
42.2800   2
42.3000   3
42.3200   2
42.3400   5
42.3600   4
42.3800   4
42.4000   6
42.4200   1
42.4400   1
42.4600   8
42.4800   0
42.5000   5
42.5200   1
42.5400   3
42.5600   0
42.5800   3
42.6000   2
42.6200   1
42.6400   3
42.6600   2
42.6800   2
42.7000   1
42.7200   2
42.7400   3
42.7600   3
42.7800   0
42.8000   1
42.8200   3
42.8400   2
42.8600   2
42.8800   1
42.9000   2
42.9200   1
42.9400   1
42.9600   2
42.9800   2
43.0000   2
43.0200   2
43.0400   1
43.0600   5
43.0800   1
43.1000   2
43.1200   1
43.1400   2
43.1600   1
43.1800   1
43.2000   0
43.2200   0
43.2400   2
43.2600   1
43.2800   3
43.3000   3
43.3200   4
43.3400   6
43.3600   0
43.3800   1
43.4000   2
43.4200   2
43.4400   1
43.4600   2
43.4800   2
43.5000   3
43.5200   0
43.5400   2
43.5600   2
43.5800   1
43.6000   1
43.6200   1
43.6400   0
43.6600   0
43.6800   3
43.7000   2
43.7200   2
43.7400   1
43.7600   4
43.7800   0
43.8000   2
43.8200   2
43.8400   3
43.8600   3
43.8800   0
43.9000   1
43.9200   2
43.9400   2
43.9600   0
43.9800   2
44.0000   4
44.0200   0
44.0400   4
44.0600   2
44.0800   3
44.1000   2
44.1200   3
44.1400   1
44.1600   2
44.1800   2
44.2000   3
44.2200   1
44.2400   1
44.2600   1
44.2800   0
44.3000   2
44.3200   5
44.3400   5
44.3600   5
44.3800   2
44.4000   6
44.4200   1
44.4400   7
44.4600   6
44.4800   7
44.5000   8
44.5200   11
44.5400   10
44.5600   12
44.5800   20
44.6000   23
44.6200   20
44.6400   12
44.6600   8
44.6800   11
44.7000   11
44.7200   9
44.7400   11
44.7600   5
44.7800   5
44.8000   4
44.8200   4
44.8400   2
44.8600   1
44.8800   1
44.9000   3
44.9200   1
44.9400   1
44.9600   3
44.9800   0
45.0000   3
45.0200   1
45.0400   4
45.0600   0
45.0800   2
45.1000   0
45.1200   1
45.1400   1
45.1600   0
45.1800   4
45.2000   1
45.2200   3
45.2400   6
45.2600   3
45.2800   2
45.3000   2
45.3200   0
45.3400   1
45.3600   2
45.3800   1
45.4000   2
45.4200   2
45.4400   1
45.4600   1
45.4800   0
45.5000   2
45.5200   1
45.5400   1
45.5600   1
45.5800   0
45.6000   0
45.6200   1
45.6400   1
45.6600   1
45.6800   0
45.7000   0
45.7200   0
45.7400   0
45.7600   2
45.7800   0
45.8000   0
45.8200   0
45.8400   2
45.8600   1
45.8800   1
45.9000   0
45.9200   0
45.9400   3
45.9600   0
45.9800   1
46.0000   1
46.0200   0
46.0400   3
46.0600   1
46.0800   6
46.1000   2
46.1200   1
46.1400   2
46.1600   0
46.1800   1
46.2000   0
46.2200   1
46.2400   0
46.2600   1
46.2800   0
46.3000   0
46.3200   1
46.3400   1
46.3600   2
46.3800   2
46.4000   0
46.4200   0
46.4400   0
46.4600   0
46.4800   2
46.5000   0
46.5200   3
46.5400   2
46.5600   1
46.5800   1
46.6000   0
46.6200   0
46.6400   2
46.6600   1
46.6800   1
46.7000   1
46.7200   1
46.7400   0
46.7600   0
46.7800   0
46.8000   1
46.8200   0
46.8400   0
46.8600   1
46.8800   1
46.9000   2
46.9200   1
46.9400   0
46.9600   0
46.9800   0
47.0000   1
47.0200   2
47.0400   1
47.0600   1
47.0800   0
47.1000   2
47.1200   0
47.1400   0
47.1600   1
47.1800   1
47.2000   2
47.2200   0
47.2400   0
47.2600   0
47.2800   1
47.3000   0
47.3200   2
47.3400   2
47.3600   1
47.3800   1
47.4000   0
47.4200   4
47.4400   2
47.4600   2
47.4800   0
47.5000   1
47.5200   0
47.5400   0
47.5600   1
47.5800   1
47.6000   1
47.6200   1
47.6400   1
47.6600   2
47.6800   0
47.7000   0
47.7200   0
47.7400   2
47.7600   0
47.7800   0
47.8000   1
47.8200   4
47.8400   3
47.8600   2
47.8800   0
47.9000   1
47.9200   0
47.9400   0
47.9600   0
47.9800   0
48.0000   0
48.0200   0
48.0400   1
48.0600   1
48.0800   2
48.1000   3
48.1200   0
48.1400   2
48.1600   2
48.1800   2
48.2000   1
48.2200   2
48.2400   0
48.2600   1
48.2800   1
48.3000   1
48.3200   1
48.3400   0
48.3600   1
48.3800   1
48.4000   1
48.4200   1
48.4400   1
48.4600   0
48.4800   0
48.5000   1
48.5200   0
48.5400   0
48.5600   2
48.5800   1
48.6000   0
48.6200   0
48.6400   2
48.6600   2
48.6800   1
48.7000   1
48.7200   1
48.7400   1
48.7600   1
48.7800   1
48.8000   0
48.8200   2
48.8400   1
48.8600   0
48.8800   1
48.9000   1
48.9200   0
48.9400   0
48.9600   2
48.9800   1
49.0000   2
49.0200   0
49.0400   0
49.0600   1
49.0800   0
49.1000   1
49.1200   0
49.1400   0
49.1600   0
49.1800   3
49.2000   2
49.2200   0
49.2400   1
49.2600   0
49.2800   2
49.3000   0
49.3200   1
49.3400   1
49.3600   1
49.3800   0
49.4000   2
49.4200   1
49.4400   2
49.4600   0
49.4800   2
49.5000   1
49.5200   0
49.5400   0
49.5600   0
49.5800   0
49.6000   1
49.6200   1
49.6400   4
49.6600   0
49.6800   1
49.7000   1
49.7200   0
49.7400   0
49.7600   2
49.7800   1
49.8000   3
49.8200   1
49.8400   1
49.8600   0
49.8800   1
49.9000   1
49.9200   2
49.9400   3
49.9600   1
49.9800   0
50.0000   0
50.0200   1
50.0400   1
50.0600   0
50.0800   0
50.1000   0
50.1200   2
50.1400   1
50.1600   0
50.1800   0
50.2000   0
50.2200   0
50.2400   0
50.2600   1
50.2800   2
50.3000   0
50.3200   2
50.3400   1
50.3600   0
50.3800   3
50.4000   0
50.4200   1
50.4400   1
50.4600   0
50.4800   0
50.5000   2
50.5200   0
50.5400   1
50.5600   0
50.5800   1
50.6000   0
50.6200   0
50.6400   1
50.6600   0
50.6800   0
50.7000   1
50.7200   1
50.7400   0
50.7600   0
50.7800   1
50.8000   0
50.8200   1
50.8400   0
50.8600   1
50.8800   0
50.9000   2
50.9200   2
50.9400   1
50.9600   1
50.9800   0
51.0000   1
51.0200   1
51.0400   0
51.0600   0
51.0800   1
51.1000   0
51.1200   0
51.1400   3
51.1600   1
51.1800   0
51.2000   0
51.2200   0
51.2400   2
51.2600   2
51.2800   1
51.3000   1
51.3200   0
51.3400   0
51.3600   1
51.3800   1
51.4000   0
51.4200   0
51.4400   1
51.4600   2
51.4800   0
51.5000   0
51.5200   2
51.5400   1
51.5600   0
51.5800   0
51.6000   3
51.6200   1
51.6400   1
51.6600   0
51.6800   0
51.7000   2
51.7200   0
51.7400   2
51.7600   0
51.7800   2
51.8000   1
51.8200   0
51.8400   2
51.8600   1
51.8800   1
51.9000   1
51.9200   2
51.9400   1
51.9600   0
51.9800   0
52.0000   2
52.0200   0
52.0400   2
52.0600   0
52.0800   2
52.1000   1
52.1200   0
52.1400   1
52.1600   0
52.1800   0
52.2000   1
52.2200   2
52.2400   2
52.2600   1
52.2800   1
52.3000   1
52.3200   0
52.3400   1
52.3600   0
52.3800   2
52.4000   3
52.4200   0
52.4400   0
52.4600   1
52.4800   1
52.5000   0
52.5200   1
52.5400   0
52.5600   0
52.5800   1
52.6000   2
52.6200   1
52.6400   1
52.6600   0
52.6800   0
52.7000   1
52.7200   1
52.7400   0
52.7600   2
52.7800   1
52.8000   0
52.8200   0
52.8400   1
52.8600   1
52.8800   1
52.9000   0
52.9200   0
52.9400   2
52.9600   1
52.9800   1
53.0000   2
53.0200   3
53.0400   1
53.0600   1
53.0800   2
53.1000   0
53.1200   1
53.1400   1
53.1600   2
53.1800   0
53.2000   0
53.2200   2
53.2400   0
53.2600   1
53.2800   2
53.3000   1
53.3200   0
53.3400   1
53.3600   0
53.3800   1
53.4000   0
53.4200   0
53.4400   0
53.4600   1
53.4800   2
53.5000   0
53.5200   0
53.5400   2
53.5600   0
53.5800   1
53.6000   0
53.6200   2
53.6400   0
53.6600   0
53.6800   0
53.7000   1
53.7200   0
53.7400   0
53.7600   0
53.7800   0
53.8000   0
53.8200   1
53.8400   1
53.8600   1
53.8800   1
53.9000   0
53.9200   4
53.9400   1
53.9600   0
53.9800   0
54.0000   2
54.0200   1
54.0400   0
54.0600   1
54.0800   2
54.1000   3
54.1200   0
54.1400   0
54.1600   2
54.1800   1
54.2000   0
54.2200   1
54.2400   0
54.2600   1
54.2800   0
54.3000   1
54.3200   1
54.3400   2
54.3600   0
54.3800   0
54.4000   1
54.4200   2
54.4400   1
54.4600   0
54.4800   1
54.5000   1
54.5200   0
54.5400   0
54.5600   1
54.5800   2
54.6000   1
54.6200   2
54.6400   0
54.6600   0
54.6800   0
54.7000   1
54.7200   2
54.7400   1
54.7600   2
54.7800   1
54.8000   0
54.8200   1
54.8400   1
54.8600   0
54.8800   1
54.9000   1
54.9200   3
54.9400   2
54.9600   0
54.9800   1
55.0000   1
55.0200   2
55.0400   0
55.0600   3
55.0800   0
55.1000   1
55.1200   2
55.1400   1
55.1600   3
55.1800   1
55.2000   1
55.2200   1
55.2400   2
55.2600   0
55.2800   0
55.3000   2
55.3200   1
55.3400   0
55.3600   0
55.3800   2
55.4000   2
55.4200   0
55.4400   0
55.4600   0
55.4800   0
55.5000   2
55.5200   1
55.5400   0
55.5600   0
55.5800   2
55.6000   2
55.6200   3
55.6400   2
55.6600   1
55.6800   1
55.7000   1
55.7200   0
55.7400   1
55.7600   1
55.7800   0
55.8000   1
55.8200   2
55.8400   1
55.8600   0
55.8800   4
55.9000   0
55.9200   2
55.9400   1
55.9600   3
55.9800   0
56.0000   3
56.0200   1
56.0400   0
56.0600   4
56.0800   0
56.1000   3
56.1200   0
56.1400   2
56.1600   2
56.1800   0
56.2000   1
56.2200   2
56.2400   3
56.2600   4
56.2800   1
56.3000   0
56.3200   0
56.3400   0
56.3600   0
56.3800   1
56.4000   1
56.4200   2
56.4400   0
56.4600   4
56.4800   0
56.5000   1
56.5200   1
56.5400   2
56.5600   1
56.5800   3
56.6000   1
56.6200   0
56.6400   1
56.6600   2
56.6800   4
56.7000   4
56.7200   3
56.7400   0
56.7600   0
56.7800   1
56.8000   3
56.8200   3
56.8400   1
56.8600   3
56.8800   3
56.9000   0
56.9200   2
56.9400   2
56.9600   0
56.9800   1
57.0000   3
57.0200   3
57.0400   2
57.0600   3
57.0800   3
57.1000   4
57.1200   1
57.1400   1
57.1600   4
57.1800   3
57.2000   3
57.2200   1
57.2400   5
57.2600   4
57.2800   5
57.3000   3
57.3200   8
57.3400   6
57.3600   2
57.3800   5
57.4000   4
57.4200   3
57.4400   3
57.4600   4
57.4800   2
57.5000   1
57.5200   6
57.5400   3
57.5600   3
57.5800   1
57.6000   3
57.6200   2
57.6400   0
57.6600   4
57.6800   2
57.7000   4
57.7200   5
57.7400   8
57.7600   7
57.7800   6
57.8000   6
57.8200   8
57.8400   8
57.8600   2
57.8800   7
57.9000   11
57.9200   7
57.9400   9
57.9600   6
57.9800   10
58.0000   10
58.0200   5
58.0400   10
58.0600   6
58.0800   8
58.1000   4
58.1200   7
58.1400   13
58.1600   17
58.1800   22
58.2000   20
58.2200   16
58.2400   18
58.2600   29
58.2800   33
58.3000   30
58.3200   37
58.3400   45
58.3600   45
58.3800   49
58.4000   68
58.4200   82
58.4400   91
58.4600   114
58.4800   150
58.5000   144
58.5200   190
58.5400   221
58.5600   244
58.5800   272
58.6000   259
58.6200   291
58.6400   250
58.6600   218
58.6800   175
58.7000   183
58.7200   182
58.7400   151
58.7600   116
58.7800   144
58.8000   130
58.8200   111
58.8400   65
58.8600   49
58.8800   42
58.9000   50
58.9200   41
58.9400   34
58.9600   25
58.9800   24
59.0000   16
59.0200   18
59.0400   20
59.0600   13
59.0800   15
59.1000   22
59.1200   8
59.1400   2
59.1600   3
59.1800   6
59.2000   9
59.2200   5
59.2400   10
59.2600   3
59.2800   5
59.3000   11
59.3200   6
59.3400   6
59.3600   4
59.3800   5
59.4000   3
59.4200   3
59.4400   4
59.4600   3
59.4800   4
59.5000   4
59.5200   4
59.5400   1
59.5600   3
59.5800   4
59.6000   2
59.6200   2
59.6400   6
59.6600   3
59.6800   1
59.7000   1
59.7200   0
59.7400   2
59.7600   2
59.7800   1
59.8000   6
59.8200   2
59.8400   1
59.8600   5
59.8800   2
59.9000   2
59.9200   2
59.9400   1
59.9600   2
59.9800   2
60.0000   3
60.0200   2
60.0400   3
60.0600   0
60.0800   8
60.1000   3
60.1200   4
60.1400   0
60.1600   4
60.1800   4
60.2000   1
60.2200   2
60.2400   1
60.2600   2
60.2800   0
60.3000   4
60.3200   2
60.3400   3
60.3600   1
60.3800   4
60.4000   3
60.4200   3
60.4400   4
60.4600   2
60.4800   0
60.5000   1
60.5200   3
60.5400   0
60.5600   1
60.5800   1
60.6000   2
60.6200   2
60.6400   1
60.6600   3
60.6800   5
60.7000   1
60.7200   1
60.7400   4
60.7600   2
60.7800   3
60.8000   2
60.8200   1
60.8400   3
60.8600   0
60.8800   0
60.9000   3
60.9200   1
60.9400   0
60.9600   1
60.9800   2
61.0000   3
61.0200   5
61.0400   4
61.0600   2
61.0800   0
61.1000   1
61.1200   3
61.1400   1
61.1600   0
61.1800   0
61.2000   1
61.2200   1
61.2400   1
61.2600   2
61.2800   1
61.3000   0
61.3200   0
61.3400   0
61.3600   0
61.3800   4
61.4000   2
61.4200   0
61.4400   1
61.4600   2
61.4800   1
61.5000   0
61.5200   1
61.5400   1
61.5600   2
61.5800   2
61.6000   2
61.6200   2
61.6400   0
61.6600   0
61.6800   1
61.7000   0
61.7200   2
61.7400   1
61.7600   1
61.7800   1
61.8000   1
61.8200   1
61.8400   0
61.8600   2
61.8800   2
61.9000   0
61.9200   2
61.9400   0
61.9600   1
61.9800   0
62.0000   1
62.0200   1
62.0400   2
62.0600   1
62.0800   0
62.1000   1
62.1200   2
62.1400   1
62.1600   0
62.1800   0
62.2000   1
62.2200   0
62.2400   0
62.2600   5
62.2800   1
62.3000   2
62.3200   1
62.3400   0
62.3600   0
62.3800   0
62.4000   0
62.4200   2
62.4400   0
62.4600   3
62.4800   0
62.5000   1
62.5200   1
62.5400   0
62.5600   1
62.5800   0
62.6000   1
62.6200   4
62.6400   0
62.6600   0
62.6800   3
62.7000   3
62.7200   0
62.7400   0
62.7600   2
62.7800   2
62.8000   1
62.8200   1
62.8400   0
62.8600   1
62.8800   1
62.9000   1
62.9200   1
62.9400   0
62.9600   1
62.9800   0
63.0000   1
63.0200   2
63.0400   1
63.0600   1
63.0800   0
63.1000   4
63.1200   0
63.1400   3
63.1600   0
63.1800   1
63.2000   0
63.2200   2
63.2400   0
63.2600   1
63.2800   1
63.3000   0
63.3200   0
63.3400   2
63.3600   2
63.3800   0
63.4000   1
63.4200   1
63.4400   0
63.4600   1
63.4800   2
63.5000   3
63.5200   0
63.5400   0
63.5600   0
63.5800   0
63.6000   1
63.6200   1
63.6400   1
63.6600   1
63.6800   0
63.7000   2
63.7200   1
63.7400   1
63.7600   0
63.7800   1
63.8000   1
63.8200   0
63.8400   0
63.8600   0
63.8800   2
63.9000   2
63.9200   0
63.9400   0
63.9600   0
63.9800   1
64.0000   0
64.0200   0
64.0400   0
64.0600   2
64.0800   0
64.1000   1
64.1200   0
64.1400   3
64.1600   0
64.1800   1
64.2000   1
64.2200   0
64.2400   0
64.2600   1
64.2800   1
64.3000   0
64.3200   0
64.3400   2
64.3600   0
64.3800   1
64.4000   1
64.4200   1
64.4400   1
64.4600   1
64.4800   0
64.5000   1
64.5200   1
64.5400   2
64.5600   0
64.5800   1
64.6000   0
64.6200   0
64.6400   1
64.6600   0
64.6800   3
64.7000   0
64.7200   0
64.7400   2
64.7600   2
64.7800   2
64.8000   0
64.8200   1
64.8400   1
64.8600   1
64.8800   1
64.9000   0
64.9200   0
64.9400   2
64.9600   0
64.9800   2
65.0000   0
65.0200   0
65.0400   2
65.0600   1
65.0800   1
65.1000   0
65.1200   1
65.1400   2
65.1600   1
65.1800   2
65.2000   0
65.2200   0
65.2400   2
65.2600   2
65.2800   2
65.3000   0
65.3200   1
65.3400   0
65.3600   0
65.3800   0
65.4000   5
65.4200   2
65.4400   1
65.4600   0
65.4800   1
65.5000   0
65.5200   1
65.5400   0
65.5600   0
65.5800   0
65.6000   0
65.6200   1
65.6400   0
65.6600   1
65.6800   1
65.7000   1
65.7200   1
65.7400   0
65.7600   3
65.7800   2
65.8000   2
65.8200   2
65.8400   2
65.8600   2
65.8800   1
65.9000   0
65.9200   3
65.9400   1
65.9600   2
65.9800   0
66.0000   1
66.0200   0
66.0400   0
66.0600   0
66.0800   1
66.1000   4
66.1200   1
66.1400   0
66.1600   1
66.1800   0
66.2000   0
66.2200   0
66.2400   2
66.2600   1
66.2800   0
66.3000   0
66.3200   0
66.3400   0
66.3600   0
66.3800   0
66.4000   0
66.4200   0
66.4400   0
66.4600   0
66.4800   1
66.5000   2
66.5200   0
66.5400   0
66.5600   1
66.5800   0
66.6000   1
66.6200   1
66.6400   0
66.6600   1
66.6800   0
66.7000   2
66.7200   1
66.7400   0
66.7600   1
66.7800   1
66.8000   0
66.8200   1
66.8400   1
66.8600   1
66.8800   0
66.9000   0
66.9200   1
66.9400   2
66.9600   2
66.9800   0
67.0000   1
67.0200   0
67.0400   2
67.0600   2
67.0800   0
67.1000   1
67.1200   0
67.1400   0
67.1600   2
67.1800   1
67.2000   1
67.2200   1
67.2400   1
67.2600   0
67.2800   3
67.3000   1
67.3200   1
67.3400   0
67.3600   2
67.3800   1
67.4000   0
67.4200   1
67.4400   2
67.4600   1
67.4800   1
67.5000   1
67.5200   1
67.5400   3
67.5600   2
67.5800   0
67.6000   1
67.6200   2
67.6400   0
67.6600   0
67.6800   1
67.7000   1
67.7200   1
67.7400   1
67.7600   2
67.7800   0
67.8000   0
67.8200   1
67.8400   1
67.8600   1
67.8800   1
67.9000   0
67.9200   0
67.9400   1
67.9600   0
67.9800   0
68.0000   3
68.0200   1
68.0400   3
68.0600   1
68.0800   1
68.1000   1
68.1200   0
68.1400   1
68.1600   0
68.1800   1
68.2000   0
68.2200   0
68.2400   2
68.2600   0
68.2800   0
68.3000   0
68.3200   3
68.3400   0
68.3600   2
68.3800   0
68.4000   0
68.4200   2
68.4400   1
68.4600   1
68.4800   0
68.5000   0
68.5200   0
68.5400   2
68.5600   1
68.5800   1
68.6000   3
68.6200   0
68.6400   1
68.6600   0
68.6800   2
68.7000   0
68.7200   0
68.7400   0
68.7600   0
68.7800   0
68.8000   0
68.8200   1
68.8400   2
68.8600   0
68.8800   1
68.9000   2
68.9200   0
68.9400   2
68.9600   0
68.9800   0
69.0000   0
69.0200   2
69.0400   2
69.0600   1
69.0800   0
69.1000   1
69.1200   3
69.1400   1
69.1600   2
69.1800   1
69.2000   0
69.2200   2
69.2400   1
69.2600   3
69.2800   0
69.3000   1
69.3200   1
69.3400   1
69.3600   3
69.3800   2
69.4000   0
69.4200   1
69.4400   3
69.4600   3
69.4800   2
69.5000   1
69.5200   0
69.5400   2
69.5600   2
69.5800   0
69.6000   1
69.6200   1
69.6400   3
69.6600   0
69.6800   2
69.7000   0
69.7200   4
69.7400   1
69.7600   1
69.7800   0
69.8000   0
69.8200   0
69.8400   0
69.8600   0
69.8800   0
69.9000   0
69.9200   1
69.9400   2
69.9600   3
69.9800   1
70.0000   4
70.0200   0
70.0400   0
70.0600   1
70.0800   1
70.1000   2
70.1200   2
70.1400   0
70.1600   2
70.1800   0
70.2000   1
70.2200   2
70.2400   1
70.2600   1
70.2800   1
70.3000   1
70.3200   3
70.3400   1
70.3600   0
70.3800   0
70.4000   0
70.4200   2
70.4400   2
70.4600   2
70.4800   0
70.5000   2
70.5200   0
70.5400   2
70.5600   1
70.5800   0
70.6000   3
70.6200   1
70.6400   2
70.6600   0
70.6800   1
70.7000   1
70.7200   0
70.7400   1
70.7600   2
70.7800   2
70.8000   4
70.8200   4
70.8400   1
70.8600   1
70.8800   2
70.9000   1
70.9200   2
70.9400   2
70.9600   1
70.9800   0
71.0000   2
71.0200   0
71.0400   3
71.0600   2
71.0800   1
71.1000   0
71.1200   5
71.1400   4
71.1600   2
71.1800   0
71.2000   0
71.2200   1
71.2400   1
71.2600   1
71.2800   1
71.3000   1
71.3200   1
71.3400   2
71.3600   0
71.3800   4
71.4000   3
71.4200   1
71.4400   0
71.4600   0
71.4800   1
71.5000   2
71.5200   3
71.5400   5
71.5600   0
71.5800   4
71.6000   2
71.6200   4
71.6400   4
71.6600   4
71.6800   3
71.7000   3
71.7200   1
71.7400   2
71.7600   4
71.7800   4
71.8000   0
71.8200   1
71.8400   1
71.8600   3
71.8800   6
71.9000   2
71.9200   4
71.9400   4
71.9600   5
71.9800   3
72.0000   5
72.0200   3
72.0400   2
72.0600   6
72.0800   2
72.1000   3
72.1200   6
72.1400   6
72.1600   5
72.1800   0
72.2000   6
72.2200   2
72.2400   6
72.2600   5
72.2800   4
72.3000   2
72.3200   6
72.3400   0
72.3600   5
72.3800   5
72.4000   1
72.4200   6
72.4400   3
72.4600   9
72.4800   4
72.5000   5
72.5200   5
72.5400   4
72.5600   7
72.5800   1
72.6000   7
72.6200   4
72.6400   8
72.6600   4
72.6800   5
72.7000   9
72.7200   9
72.7400   12
72.7600   4
72.7800   8
72.8000   14
72.8200   10
72.8400   11
72.8600   10
72.8800   23
72.9000   14
72.9200   17
72.9400   14
72.9600   13
72.9800   2
73.0000   12
73.0200   20
73.0400   21
73.0600   11
73.0800   25
73.1000   25
73.1200   20
73.1400   24
73.1600   39
73.1800   37
73.2000   35
73.2200   39
73.2400   50
73.2600   33
73.2800   57
73.3000   46
73.3200   59
73.3400   67
73.3600   73
73.3800   111
73.4000   87
73.4200   119
73.4400   114
73.4600   129
73.4800   175
73.5000   146
73.5200   192
73.5400   197
73.5600   224
73.5800   220
73.6000   227
73.6200   225
73.6400   245
73.6600   229
73.6800   237
73.7000   235
73.7200   196
73.7400   192
73.7600   179
73.7800   171
73.8000   179
73.8200   139
73.8400   139
73.8600   144
73.8800   108
73.9000   121
73.9200   87
73.9400   97
73.9600   84
73.9800   62
74.0000   70
74.0200   41
74.0400   57
74.0600   43
74.0800   43
74.1000   47
74.1200   32
74.1400   27
74.1600   26
74.1800   33
74.2000   17
74.2200   16
74.2400   22
74.2600   11
74.2800   16
74.3000   17
74.3200   13
74.3400   21
74.3600   9
74.3800   14
74.4000   6
74.4200   17
74.4400   15
74.4600   13
74.4800   5
74.5000   8
74.5200   7
74.5400   10
74.5600   7
74.5800   8
74.6000   11
74.6200   8
74.6400   7
74.6600   8
74.6800   5
74.7000   6
74.7200   7
74.7400   5
74.7600   5
74.7800   5
74.8000   4
74.8200   6
74.8400   5
74.8600   5
74.8800   6
74.9000   3
74.9200   8
74.9400   2
74.9600   6
74.9800   3
75.0000   5
75.0200   5
75.0400   2
75.0600   2
75.0800   6
75.1000   2
75.1200   4
75.1400   1
75.1600   3
75.1800   8
75.2000   5
75.2200   4
75.2400   2
75.2600   2
75.2800   2
75.3000   1
75.3200   2
75.3400   5
75.3600   5
75.3800   2
75.4000   4
75.4200   4
75.4400   3
75.4600   2
75.4800   3
75.5000   0
75.5200   1
75.5400   4
75.5600   2
75.5800   3
75.6000   2
75.6200   3
75.6400   1
75.6600   3
75.6800   2
75.7000   4
75.7200   2
75.7400   1
75.7600   2
75.7800   2
75.8000   1
75.8200   1
75.8400   0
75.8600   0
75.8800   2
75.9000   1
75.9200   2
75.9400   0
75.9600   3
75.9800   2
76.0000   1
76.0200   3
76.0400   0
76.0600   2
76.0800   1
76.1000   2
76.1200   2
76.1400   1
76.1600   0
76.1800   2
76.2000   2
76.2200   2
76.2400   2
76.2600   1
76.2800   0
76.3000   1
76.3200   0
76.3400   1
76.3600   1
76.3800   1
76.4000   4
76.4200   3
76.4400   3
76.4600   0
76.4800   1
76.5000   2
76.5200   3
76.5400   2
76.5600   1
76.5800   2
76.6000   1
76.6200   2
76.6400   0
76.6600   3
76.6800   1
76.7000   1
76.7200   3
76.7400   2
76.7600   2
76.7800   2
76.8000   1
76.8200   1
76.8400   1
76.8600   0
76.8800   1
76.9000   1
76.9200   2
76.9400   0
76.9600   1
76.9800   1
77.0000   2
77.0200   2
77.0400   1
77.0600   4
77.0800   0
77.1000   0
77.1200   0
77.1400   3
77.1600   3
77.1800   2
77.2000   0
77.2200   0
77.2400   0
77.2600   2
77.2800   0
77.3000   2
77.3200   4
77.3400   1
77.3600   0
77.3800   0
77.4000   0
77.4200   2
77.4400   0
77.4600   2
77.4800   1
77.5000   0
77.5200   1
77.5400   3
77.5600   0
77.5800   0
77.6000   1
77.6200   1
77.6400   2
77.6600   0
77.6800   1
77.7000   2
77.7200   4
77.7400   1
77.7600   1
77.7800   0
77.8000   3
77.8200   0
77.8400   0
77.8600   2
77.8800   1
77.9000   2
77.9200   2
77.9400   0
77.9600   3
77.9800   0
78.0000   2
78.0200   2
78.0400   2
78.0600   1
78.0800   2
78.1000   5
78.1200   5
78.1400   4
78.1600   1
78.1800   0
78.2000   1
78.2200   2
78.2400   4
78.2600   2
78.2800   1
78.3000   0
78.3200   3
78.3400   2
78.3600   3
78.3800   1
78.4000   3
78.4200   1
78.4400   5
78.4600   2
78.4800   1
78.5000   1
78.5200   2
78.5400   0
78.5600   1
78.5800   1
78.6000   2
78.6200   0
78.6400   0
78.6600   3
78.6800   4
78.7000   3
78.7200   2
78.7400   2
78.7600   0
78.7800   0
78.8000   0
78.8200   0
78.8400   0
78.8600   1
78.8800   0
78.9000   0
78.9200   3
78.9400   0
78.9600   1
78.9800   1
79.0000   1
79.0200   1
79.0400   2
79.0600   1
79.0800   3
79.1000   1
79.1200   0
79.1400   0
79.1600   0
79.1800   0
79.2000   0
79.2200   0
79.2400   0
79.2600   1
79.2800   1
79.3000   0
79.3200   0
79.3400   1
79.3600   0
79.3800   1
79.4000   0
79.4200   1
79.4400   0
79.4600   0
79.4800   0
79.5000   1
79.5200   1
79.5400   1
79.5600   3
79.5800   1
79.6000   0
79.6200   0
79.6400   1
79.6600   0
79.6800   0
79.7000   1
79.7200   0
79.7400   1
79.7600   2
79.7800   1
79.8000   1
79.8200   1
79.8400   2
79.8600   2
79.8800   0
79.9000   3
79.9200   0
79.9400   0
79.9600   1
79.9800   2
80.0000   0
80.0200   1
80.0400   0
80.0600   1
80.0800   1
80.1000   1
80.1200   0
80.1400   2
80.1600   0
80.1800   2
80.2000   2
80.2200   2
80.2400   1
80.2600   1
80.2800   4
80.3000   0
80.3200   0
80.3400   0
80.3600   1
80.3800   3
80.4000   0
80.4200   2
80.4400   1
80.4600   0
80.4800   0
80.5000   0
80.5200   2
80.5400   1
80.5600   0
80.5800   0
80.6000   1
80.6200   0
80.6400   0
80.6600   0
80.6800   0
80.7000   2
80.7200   2
80.7400   2
80.7600   2
80.7800   0
80.8000   1
80.8200   1
80.8400   1
80.8600   0
80.8800   1
80.9000   0
80.9200   0
80.9400   1
80.9600   1
80.9800   0
81.0000   1
81.0200   2
81.0400   1
81.0600   0
81.0800   0
81.1000   1
81.1200   0
81.1400   1
81.1600   2
81.1800   1
81.2000   0
81.2200   0
81.2400   1
81.2600   1
81.2800   0
81.3000   0
81.3200   4
81.3400   1
81.3600   0
81.3800   0
81.4000   1
81.4200   2
81.4400   2
81.4600   0
81.4800   1
81.5000   0
81.5200   0
81.5400   3
81.5600   2
81.5800   0
81.6000   2
81.6200   2
81.6400   1
81.6600   1
81.6800   0
81.7000   4
81.7200   2
81.7400   1
81.7600   1
81.7800   2
81.8000   1
81.8200   1
81.8400   0
81.8600   0
81.8800   0
81.9000   0
81.9200   0
81.9400   1
81.9600   2
81.9800   1
82.0000   2
82.0200   5
82.0400   2
82.0600   2
82.0800   1
82.1000   0
82.1200   2
82.1400   1
82.1600   6
82.1800   2
82.2000   6
82.2200   4
82.2400   4
82.2600   8
82.2800   7
82.3000   6
82.3200   12
82.3400   8
82.3600   7
82.3800   6
82.4000   6
82.4200   12
82.4400   4
82.4600   9
82.4800   3
82.5000   3
82.5200   7
82.5400   6
82.5600   7
82.5800   3
82.6000   8
82.6200   1
82.6400   5
82.6600   6
82.6800   2
82.7000   4
82.7200   3
82.7400   4
82.7600   1
82.7800   2
82.8000   1
82.8200   1
82.8400   2
82.8600   1
82.8800   2
82.9000   0
82.9200   3
82.9400   1
82.9600   1
82.9800   3
83.0000   0
83.0200   1
83.0400   1
83.0600   0
83.0800   0
83.1000   0
83.1200   2
83.1400   1
83.1600   0
83.1800   1
83.2000   0
83.2200   0
83.2400   1
83.2600   0
83.2800   0
83.3000   1
83.3200   0
83.3400   1
83.3600   2
83.3800   0
83.4000   1
83.4200   3
83.4400   0
83.4600   0
83.4800   0
83.5000   1
83.5200   1
83.5400   1
83.5600   1
83.5800   0
83.6000   1
83.6200   1
83.6400   1
83.6600   2
83.6800   0
83.7000   0
83.7200   1
83.7400   1
83.7600   1
83.7800   0
83.8000   1
83.8200   1
83.8400   1
83.8600   1
83.8800   1
83.9000   1
83.9200   1
83.9400   2
83.9600   1
83.9800   1
84.0000   0
84.0200   0
84.0400   0
84.0600   0
84.0800   1
84.1000   1
84.1200   2
84.1400   3
84.1600   2
84.1800   0
84.2000   0
84.2200   0
84.2400   1
84.2600   0
84.2800   0
84.3000   0
84.3200   0
84.3400   2
84.3600   0
84.3800   1
84.4000   2
84.4200   1
84.4400   0
84.4600   1
84.4800   1
84.5000   3
84.5200   1
84.5400   2
84.5600   2
84.5800   1
84.6000   2
84.6200   0
84.6400   2
84.6600   0
84.6800   2
84.7000   1
84.7200   0
84.7400   1
84.7600   0
84.7800   2
84.8000   1
84.8200   1
84.8400   0
84.8600   1
84.8800   2
84.9000   1
84.9200   2
84.9400   0
84.9600   1
84.9800   4
85.0000   2
85.0200   0
85.0400   0
85.0600   3
85.0800   0
85.1000   2
85.1200   1
85.1400   0
85.1600   4
85.1800   1
85.2000   1
85.2200   3
85.2400   1
85.2600   2
85.2800   2
85.3000   0
85.3200   3
85.3400   1
85.3600   1
85.3800   1
85.4000   2
85.4200   3
85.4400   2
85.4600   0
85.4800   1
85.5000   3
85.5200   2
85.5400   5
85.5600   0
85.5800   0
85.6000   1
85.6200   0
85.6400   0
85.6600   3
85.6800   1
85.7000   3
85.7200   3
85.7400   3
85.7600   2
85.7800   1
85.8000   1
85.8200   1
85.8400   0
85.8600   2
85.8800   1
85.9000   1
85.9200   5
85.9400   1
85.9600   2
85.9800   0
86.0000   1
86.0200   0
86.0400   1
86.0600   3
86.0800   4
86.1000   2
86.1200   1
86.1400   2
86.1600   2
86.1800   5
86.2000   4
86.2200   3
86.2400   0
86.2600   2
86.2800   2
86.3000   4
86.3200   1
86.3400   2
86.3600   2
86.3800   3
86.4000   2
86.4200   4
86.4400   3
86.4600   1
86.4800   3
86.5000   2
86.5200   3
86.5400   1
86.5600   3
86.5800   6
86.6000   2
86.6200   1
86.6400   2
86.6600   2
86.6800   2
86.7000   6
86.7200   8
86.7400   2
86.7600   6
86.7800   6
86.8000   4
86.8200   7
86.8400   6
86.8600   8
86.8800   8
86.9000   3
86.9200   10
86.9400   5
86.9600   9
86.9800   11
87.0000   9
87.0200   12
87.0400   15
87.0600   10
87.0800   17
87.1000   16
87.1200   19
87.1400   21
87.1600   19
87.1800   24
87.2000   22
87.2200   24
87.2400   31
87.2600   24
87.2800   28
87.3000   28
87.3200   39
87.3400   43
87.3600   49
87.3800   56
87.4000   69
87.4200   52
87.4400   76
87.4600   62
87.4800   71
87.5000   82
87.5200   66
87.5400   58
87.5600   79
87.5800   62
87.6000   51
87.6200   71
87.6400   64
87.6600   64
87.6800   72
87.7000   63
87.7200   55
87.7400   52
87.7600   53
87.7800   53
87.8000   41
87.8200   49
87.8400   54
87.8600   34
87.8800   27
87.9000   50
87.9200   20
87.9400   24
87.9600   24
87.9800   29
88.0000   18
88.0200   13
88.0400   18
88.0600   14
88.0800   14
88.1000   9
88.1200   11
88.1400   12
88.1600   10
88.1800   8
88.2000   8
88.2200   6
88.2400   6
88.2600   12
88.2800   9
88.3000   9
88.3200   10
88.3400   6
88.3600   8
88.3800   2
88.4000   3
88.4200   5
88.4400   6
88.4600   9
88.4800   5
88.5000   5
88.5200   3
88.5400   5
88.5600   3
88.5800   6
88.6000   0
88.6200   6
88.6400   5
88.6600   1
88.6800   1
88.7000   7
88.7200   1
88.7400   2
88.7600   1
88.7800   4
88.8000   5
88.8200   3
88.8400   3
88.8600   0
88.8800   4
88.9000   1
88.9200   1
88.9400   4
88.9600   0
88.9800   0
89.0000   2
89.0200   2
89.0400   2
89.0600   1
89.0800   3
89.1000   0
89.1200   0
89.1400   0
89.1600   2
89.1800   1
89.2000   0
89.2200   0
89.2400   3
89.2600   1
89.2800   1
89.3000   2
89.3200   2
89.3400   1
89.3600   2
89.3800   0
89.4000   2
89.4200   1
89.4400   1
89.4600   2
89.4800   2
89.5000   3
89.5200   1
89.5400   3
89.5600   2
89.5800   0
89.6000   2
89.6200   0
89.6400   2
89.6600   1
89.6800   2
89.7000   0
89.7200   1
89.7400   1
89.7600   1
89.7800   1
89.8000   1
89.8200   2
89.8400   2
89.8600   2
89.8800   0
89.9000   0
89.9200   1
89.9400   3
89.9600   0
89.9800   2
90.0000   2
90.0200   0
90.0400   2
90.0600   0
90.0800   2
90.1000   2
90.1200   2
90.1400   3
90.1600   3
90.1800   1
90.2000   0
90.2200   0
90.2400   1
90.2600   0
90.2800   1
90.3000   1
90.3200   1
90.3400   0
90.3600   1
90.3800   1
90.4000   0
90.4200   1
90.4400   0
90.4600   0
90.4800   2
90.5000   0
90.5200   3
90.5400   0
90.5600   1
90.5800   1
90.6000   2
90.6200   1
90.6400   0
90.6600   1
90.6800   1
90.7000   1
90.7200   0
90.7400   0
90.7600   0
90.7800   3
90.8000   1
90.8200   0
90.8400   2
90.8600   0
90.8800   0
90.9000   2
90.9200   0
90.9400   0
90.9600   1
90.9800   0
91.0000   0
91.0200   2
91.0400   1
91.0600   1
91.0800   2
91.1000   0
91.1200   0
91.1400   0
91.1600   2
91.1800   0
91.2000   1
91.2200   1
91.2400   0
91.2600   2
91.2800   1
91.3000   1
91.3200   0
91.3400   1
91.3600   1
91.3800   0
91.4000   0
91.4200   0
91.4400   0
91.4600   2
91.4800   0
91.5000   0
91.5200   2
91.5400   1
91.5600   1
91.5800   2
91.6000   1
91.6200   0
91.6400   0
91.6600   1
91.6800   2
91.7000   1
91.7200   0
91.7400   1
91.7600   2
91.7800   0
91.8000   1
91.8200   2
91.8400   0
91.8600   0
91.8800   2
91.9000   1
91.9200   1
91.9400   1
91.9600   1
91.9800   1
92.0000   2
92.0200   1
92.0400   1
92.0600   2
92.0800   0
92.1000   2
92.1200   1
92.1400   1
92.1600   0
92.1800   1
92.2000   1
92.2200   0
92.2400   2
92.2600   1
92.2800   1
92.3000   0
92.3200   1
92.3400   2
92.3600   1
92.3800   0
92.4000   0
92.4200   1
92.4400   0
92.4600   1
92.4800   0
92.5000   0
92.5200   1
92.5400   0
92.5600   0
92.5800   0
92.6000   0
92.6200   0
92.6400   0
92.6600   2
92.6800   2
92.7000   0
92.7200   1
92.7400   0
92.7600   0
92.7800   1
92.8000   3
92.8200   1
92.8400   1
92.8600   3
92.8800   1
92.9000   0
92.9200   0
92.9400   1
92.9600   0
92.9800   0
93.0000   2
93.0200   1
93.0400   0
93.0600   0
93.0800   1
93.1000   0
93.1200   0
93.1400   3
93.1600   1
93.1800   1
93.2000   1
93.2200   1
93.2400   0
93.2600   1
93.2800   2
93.3000   2
93.3200   1
93.3400   2
93.3600   0
93.3800   1
93.4000   0
93.4200   0
93.4400   2
93.4600   0
93.4800   1
93.5000   0
93.5200   0
93.5400   1
93.5600   2
93.5800   1
93.6000   3
93.6200   0
93.6400   0
93.6600   1
93.6800   1
93.7000   1
93.7200   1
93.7400   1
93.7600   0
93.7800   0
93.8000   1
93.8200   1
93.8400   0
93.8600   1
93.8800   1
93.9000   0
93.9200   1
93.9400   1
93.9600   2
93.9800   2
94.0000   0
94.0200   0
94.0400   1
94.0600   2
94.0800   0
94.1000   1
94.1200   0
94.1400   0
94.1600   0
94.1800   1
94.2000   1
94.2200   0
94.2400   0
94.2600   2
94.2800   0
94.3000   0
94.3200   1
94.3400   0
94.3600   0
94.3800   0
94.4000   2
94.4200   1
94.4400   2
94.4600   1
94.4800   0
94.5000   0
94.5200   1
94.5400   2
94.5600   2
94.5800   0
94.6000   3
94.6200   2
94.6400   0
94.6600   1
94.6800   0
94.7000   0
94.7200   1
94.7400   0
94.7600   0
94.7800   2
94.8000   1
94.8200   2
94.8400   0
94.8600   0
94.8800   1
94.9000   1
94.9200   2
94.9400   2
94.9600   0
94.9800   0
95.0000   1
95.0200   0
95.0400   0
95.0600   0
95.0800   0
95.1000   0
95.1200   1
95.1400   2
95.1600   1
95.1800   1
95.2000   2
95.2200   0
95.2400   1
95.2600   0
95.2800   2
95.3000   0
95.3200   2
95.3400   1
95.3600   1
95.3800   0
95.4000   0
95.4200   1
95.4400   2
95.4600   0
95.4800   1
95.5000   1
95.5200   0
95.5400   0
95.5600   1
95.5800   1
95.6000   0
95.6200   0
95.6400   0
95.6600   1
95.6800   1
95.7000   2
95.7200   0
95.7400   0
95.7600   1
95.7800   0
95.8000   1
95.8200   1
95.8400   0
95.8600   2
95.8800   2
95.9000   0
95.9200   0
95.9400   2
95.9600   0
95.9800   2
96.0000   0
96.0200   1
96.0400   1
96.0600   2
96.0800   1
96.1000   1
96.1200   1
96.1400   2
96.1600   1
96.1800   1
96.2000   0
96.2200   1
96.2400   1
96.2600   2
96.2800   2
96.3000   1
96.3200   0
96.3400   1
96.3600   1
96.3800   0
96.4000   0
96.4200   0
96.4400   1
96.4600   2
96.4800   1
96.5000   0
96.5200   1
96.5400   1
96.5600   1
96.5800   0
96.6000   1
96.6200   1
96.6400   3
96.6600   4
96.6800   1
96.7000   0
96.7200   1
96.7400   1
96.7600   0
96.7800   2
96.8000   3
96.8200   0
96.8400   0
96.8600   4
96.8800   1
96.9000   2
96.9200   1
96.9400   1
96.9600   1
96.9800   0
97.0000   1
97.0200   0
97.0400   1
97.0600   2
97.0800   1
97.1000   1
97.1200   1
97.1400   0
97.1600   0
97.1800   1
97.2000   1
97.2200   2
97.2400   2
97.2600   2
97.2800   1
97.3000   1
97.3200   1
97.3400   2
97.3600   0
97.3800   2
97.4000   2
97.4200   1
97.4400   1
97.4600   1
97.4800   2
97.5000   1
97.5200   1
97.5400   1
97.5600   1
97.5800   0
97.6000   0
97.6200   4
97.6400   3
97.6600   3
97.6800   2
97.7000   2
97.7200   0
97.7400   1
97.7600   1
97.7800   1
97.8000   2
97.8200   1
97.8400   1
97.8600   5
97.8800   2
97.9000   4
97.9200   0
97.9400   4
97.9600   1
97.9800   2
98.0000   2
98.0200   0
98.0400   1
98.0600   0
98.0800   0
98.1000   0
98.1200   1
98.1400   0
98.1600   2
98.1800   1
98.2000   2
98.2200   2
98.2400   1
98.2600   3
98.2800   2
98.3000   4
98.3200   2
98.3400   3
98.3600   1
98.3800   3
98.4000   1
98.4200   2
98.4400   2
98.4600   2
98.4800   1
98.5000   1
98.5200   2
98.5400   3
98.5600   2
98.5800   2
98.6000   1
98.6200   2
98.6400   0
98.6600   2
98.6800   1
98.7000   1
98.7200   2
98.7400   2
98.7600   2
98.7800   4
98.8000   1
98.8200   1
98.8400   0
98.8600   2
98.8800   2
98.9000   3
98.9200   2
98.9400   1
98.9600   2
98.9800   2
99.0000   1
99.0200   8
99.0400   0
99.0600   2
99.0800   1
99.1000   3
99.1200   2
99.1400   2
99.1600   1
99.1800   5
99.2000   1
99.2200   2
99.2400   3
99.2600   7
99.2800   2
99.3000   7
99.3200   1
99.3400   1
99.3600   3
99.3800   4
99.4000   1
99.4200   4
99.4400   4
99.4600   4
99.4800   3
99.5000   3
99.5200   2
99.5400   3
99.5600   1
99.5800   2
99.6000   1
99.6200   0
99.6400   3
99.6600   1
99.6800   1
99.7000   5
99.7200   2
99.7400   0
99.7600   4
99.7800   2
99.8000   2
99.8200   3
99.8400   5
99.8600   5
99.8800   6
99.9000   2
99.9200   2
99.9400   6
99.9600   2
99.9800   5
100.0000   2
100.0200   8
100.0400   7
100.0600   6
100.0800   6
100.1000   3
100.1200   1
100.1400   4
100.1600   5
100.1800   10
100.2000   4
100.2200   7
100.2400   5
100.2600   6
100.2800   4
100.3000   8
100.3200   2
100.3400   8
100.3600   4
100.3800   2
100.4000   5
100.4200   6
100.4400   8
100.4600   5
100.4800   8
100.5000   8
100.5200   13
100.5400   6
100.5600   19
100.5800   10
100.6000   6
100.6200   13
100.6400   11
100.6600   11
100.6800   10
100.7000   8
100.7200   12
100.7400   13
100.7600   25
100.7800   17
100.8000   18
100.8200   23
100.8400   17
100.8600   32
100.8800   32
100.9000   32
100.9200   24
100.9400   25
100.9600   37
100.9800   38
101.0000   35
101.0200   41
101.0400   43
101.0600   45
101.0800   65
101.1000   58
101.1200   66
101.1400   57
101.1600   76
101.1800   70
101.2000   94
101.2200   88
101.2400   115
101.2600   135
101.2800   136
101.3000   158
101.3200   136
101.3400   174
101.3600   150
101.3800   141
101.4000   133
101.4200   157
101.4400   139
101.4600   131
101.4800   117
101.5000   129
101.5200   134
101.5400   95
101.5600   91
101.5800   102
101.6000   61
101.6200   98
101.6400   87
101.6600   105
101.6800   85
101.7000   96
101.7200   88
101.7400   78
101.7600   85
101.7800   74
101.8000   75
101.8200   64
101.8400   64
101.8600   35
101.8800   51
101.9000   59
101.9200   28
101.9400   31
101.9600   33
101.9800   19
102.0000   20
102.0200   26
102.0400   24
102.0600   19
102.0800   18
102.1000   21
102.1200   6
102.1400   18
102.1600   19
102.1800   12
102.2000   18
102.2200   17
102.2400   13
102.2600   8
102.2800   10
102.3000   10
102.3200   4
102.3400   8
102.3600   5
102.3800   8
102.4000   6
102.4200   7
102.4400   4
102.4600   3
102.4800   11
102.5000   4
102.5200   5
102.5400   5
102.5600   7
102.5800   4
102.6000   6
102.6200   6
102.6400   3
102.6600   5
102.6800   6
102.7000   5
102.7200   6
102.7400   2
102.7600   4
102.7800   8
102.8000   5
102.8200   7
102.8400   3
102.8600   4
102.8800   2
102.9000   2
102.9200   4
102.9400   2
102.9600   1
102.9800   2
103.0000   1
103.0200   5
103.0400   5
103.0600   2
103.0800   12
103.1000   2
103.1200   6
103.1400   2
103.1600   2
103.1800   2
103.2000   1
103.2200   6
103.2400   3
103.2600   1
103.2800   1
103.3000   3
103.3200   0
103.3400   2
103.3600   2
103.3800   2
103.4000   0
103.4200   0
103.4400   0
103.4600   1
103.4800   2
103.5000   2
103.5200   1
103.5400   3
103.5600   3
103.5800   3
103.6000   2
103.6200   5
103.6400   0
103.6600   3
103.6800   3
103.7000   1
103.7200   1
103.7400   3
103.7600   3
103.7800   1
103.8000   3
103.8200   5
103.8400   1
103.8600   1
103.8800   1
103.9000   1
103.9200   2
103.9400   1
103.9600   2
103.9800   4
104.0000   2
104.0200   3
104.0400   2
104.0600   2
104.0800   1
104.1000   2
104.1200   3
104.1400   0
104.1600   2
104.1800   0
104.2000   1
104.2200   2
104.2400   0
104.2600   4
104.2800   2
104.3000   2
104.3200   1
104.3400   1
104.3600   2
104.3800   1
104.4000   2
104.4200   0
104.4400   3
104.4600   2
104.4800   1
104.5000   0
104.5200   0
104.5400   1
104.5600   2
104.5800   1
104.6000   5
104.6200   1
104.6400   3
104.6600   0
104.6800   2
104.7000   0
104.7200   3
104.7400   1
104.7600   0
104.7800   2
104.8000   1
104.8200   0
104.8400   2
104.8600   2
104.8800   1
104.9000   1
104.9200   2
104.9400   1
104.9600   3
104.9800   0
105.0000   2
105.0200   2
105.0400   0
105.0600   2
105.0800   0
105.1000   2
105.1200   1
105.1400   1
105.1600   1
105.1800   0
105.2000   3
105.2200   2
105.2400   0
105.2600   0
105.2800   2
105.3000   4
105.3200   2
105.3400   2
105.3600   0
105.3800   0
105.4000   0
105.4200   0
105.4400   2
105.4600   1
105.4800   0
105.5000   0
105.5200   2
105.5400   3
105.5600   1
105.5800   1
105.6000   2
105.6200   1
105.6400   0
105.6600   0
105.6800   3
105.7000   2
105.7200   1
105.7400   1
105.7600   0
105.7800   4
105.8000   1
105.8200   1
105.8400   1
105.8600   0
105.8800   2
105.9000   0
105.9200   1
105.9400   1
105.9600   1
105.9800   2
106.0000   0
106.0200   2
106.0400   2
106.0600   1
106.0800   3
106.1000   0
106.1200   2
106.1400   3
106.1600   2
106.1800   2
106.2000   2
106.2200   0
106.2400   2
106.2600   3
106.2800   1
106.3000   2
106.3200   0
106.3400   0
106.3600   0
106.3800   2
106.4000   0
106.4200   1
106.4400   1
106.4600   0
106.4800   3
106.5000   0
106.5200   0
106.5400   1
106.5600   4
106.5800   2
106.6000   2
106.6200   0
106.6400   1
106.6600   0
106.6800   1
106.7000   1
106.7200   2
106.7400   2
106.7600   0
106.7800   2
106.8000   0
106.8200   1
106.8400   1
106.8600   2
106.8800   2
106.9000   2
106.9200   1
106.9400   1
106.9600   1
106.9800   0
107.0000   0
107.0200   1
107.0400   2
107.0600   1
107.0800   0
107.1000   1
107.1200   3
107.1400   2
107.1600   1
107.1800   2
107.2000   1
107.2200   0
107.2400   2
107.2600   4
107.2800   1
107.3000   1
107.3200   1
107.3400   1
107.3600   2
107.3800   1
107.4000   0
107.4200   1
107.4400   0
107.4600   0
107.4800   1
107.5000   0
107.5200   0
107.5400   0
107.5600   2
107.5800   1
107.6000   2
107.6200   1
107.6400   0
107.6600   1
107.6800   0
107.7000   1
107.7200   0
107.7400   0
107.7600   1
107.7800   0
107.8000   1
107.8200   1
107.8400   1
107.8600   0
107.8800   1
107.9000   2
107.9200   2
107.9400   1
107.9600   1
107.9800   1
108.0000   1
108.0200   3
108.0400   1
108.0600   2
108.0800   0
108.1000   0
108.1200   0
108.1400   0
108.1600   0
108.1800   3
108.2000   1
108.2200   2
108.2400   1
108.2600   0
108.2800   2
108.3000   0
108.3200   0
108.3400   1
108.3600   0
108.3800   2
108.4000   1
108.4200   0
108.4400   2
108.4600   2
108.4800   1
108.5000   3
108.5200   1
108.5400   0
108.5600   0
108.5800   0
108.6000   1
108.6200   1
108.6400   0
108.6600   1
108.6800   1
108.7000   2
108.7200   1
108.7400   1
108.7600   1
108.7800   1
108.8000   2
108.8200   0
108.8400   1
108.8600   4
108.8800   1
108.9000   0
108.9200   1
108.9400   3
108.9600   1
108.9800   0
109.0000   2
109.0200   2
109.0400   0
109.0600   0
109.0800   1
109.1000   1
109.1200   3
109.1400   2
109.1600   0
109.1800   0
109.2000   0
109.2200   0
109.2400   1
109.2600   2
109.2800   4
109.3000   2
109.3200   0
109.3400   1
109.3600   0
109.3800   0
109.4000   0
109.4200   2
109.4400   1
109.4600   0
109.4800   1
109.5000   0
109.5200   0
109.5400   0
109.5600   1
109.5800   1
109.6000   1
109.6200   1
109.6400   0
109.6600   0
109.6800   0
109.7000   0
109.7200   1
109.7400   0
109.7600   2
109.7800   1
109.8000   2
109.8200   1
109.8400   1
109.8600   0
109.8800   2
109.9000   0
109.9200   1
109.9400   0
109.9600   3
109.9800   0
110.0000   1
110.0200   1
110.0400   2
110.0600   0
110.0800   0
110.1000   2
110.1200   0
110.1400   1
110.1600   0
110.1800   1
110.2000   3
110.2200   2
110.2400   0
110.2600   2
110.2800   0
110.3000   1
110.3200   1
110.3400   0
110.3600   2
110.3800   0
110.4000   1
110.4200   0
110.4400   1
110.4600   2
110.4800   1
110.5000   0
110.5200   1
110.5400   2
110.5600   0
110.5800   0
110.6000   0
110.6200   2
110.6400   1
110.6600   1
110.6800   0
110.7000   2
110.7200   1
110.7400   1
110.7600   0
110.7800   1
110.8000   2
110.8200   2
110.8400   0
110.8600   0
110.8800   0
110.9000   1
110.9200   1
110.9400   2
110.9600   1
110.9800   0
111.0000   0
111.0200   1
111.0400   1
111.0600   0
111.0800   0
111.1000   1
111.1200   1
111.1400   1
111.1600   2
111.1800   4
111.2000   1
111.2200   0
111.2400   2
111.2600   0
111.2800   1
111.3000   0
111.3200   0
111.3400   1
111.3600   0
111.3800   0
111.4000   1
111.4200   2
111.4400   1
111.4600   1
111.4800   2
111.5000   0
111.5200   1
111.5400   1
111.5600   0
111.5800   0
111.6000   1
111.6200   1
111.6400   3
111.6600   0
111.6800   0
111.7000   3
111.7200   0
111.7400   1
111.7600   2
111.7800   1
111.8000   3
111.8200   1
111.8400   0
111.8600   0
111.8800   1
111.9000   0
111.9200   1
111.9400   1
111.9600   2
111.9800   0
112.0000   0
112.0200   1
112.0400   0
112.0600   0
112.0800   2
112.1000   0
112.1200   1
112.1400   4
112.1600   1
112.1800   0
112.2000   4
112.2200   1
112.2400   3
112.2600   1
112.2800   1
112.3000   1
112.3200   1
112.3400   1
112.3600   0
112.3800   0
112.4000   0
112.4200   1
112.4400   0
112.4600   1
112.4800   1
112.5000   1
112.5200   1
112.5400   1
112.5600   2
112.5800   1
112.6000   1
112.6200   3
112.6400   2
112.6600   1
112.6800   2
112.7000   0
112.7200   0
112.7400   1
112.7600   1
112.7800   2
112.8000   0
112.8200   1
112.8400   3
112.8600   2
112.8800   1
112.9000   0
112.9200   1
112.9400   0
112.9600   1
112.9800   1
113.0000   1
113.0200   1
113.0400   2
113.0600   0
113.0800   1
113.1000   2
113.1200   0
113.1400   1
113.1600   2
113.1800   3
113.2000   1
113.2200   4
113.2400   1
113.2600   1
113.2800   2
113.3000   2
113.3200   2
113.3400   2
113.3600   0
113.3800   0
113.4000   2
113.4200   2
113.4400   1
113.4600   2
113.4800   1
113.5000   2
113.5200   2
113.5400   1
113.5600   0
113.5800   1
113.6000   2
113.6200   1
113.6400   4
113.6600   1
113.6800   1
113.7000   1
113.7200   2
113.7400   1
113.7600   1
113.7800   2
113.8000   1
113.8200   0
113.8400   1
113.8600   3
113.8800   2
113.9000   1
113.9200   3
113.9400   0
113.9600   1
113.9800   0
114.0000   2
114.0200   1
114.0400   1
114.0600   0
114.0800   2
114.1000   1
114.1200   1
114.1400   1
114.1600   1
114.1800   1
114.2000   1
114.2200   5
114.2400   3
114.2600   2
114.2800   2
114.3000   3
114.3200   3
114.3400   0
114.3600   1
114.3800   3
114.4000   1
114.4200   3
114.4400   1
114.4600   1
114.4800   2
114.5000   1
114.5200   0
114.5400   2
114.5600   3
114.5800   5
114.6000   4
114.6200   4
114.6400   2
114.6600   2
114.6800   0
114.7000   3
114.7200   3
114.7400   2
114.7600   3
114.7800   1
114.8000   2
114.8200   0
114.8400   8
114.8600   1
114.8800   6
114.9000   5
114.9200   4
114.9400   2
114.9600   2
114.9800   2
115.0000   5
115.0200   5
115.0400   1
115.0600   5
115.0800   1
115.1000   3
115.1200   4
115.1400   4
115.1600   4
115.1800   8
115.2000   7
115.2200   5
115.2400   7
115.2600   8
115.2800   9
115.3000   6
115.3200   7
115.3400   6
115.3600   5
115.3800   4
115.4000   9
115.4200   5
115.4400   6
115.4600   11
115.4800   4
115.5000   7
115.5200   11
115.5400   10
115.5600   7
115.5800   12
115.6000   10
115.6200   16
115.6400   10
115.6600   8
115.6800   17
115.7000   19
115.7200   16
115.7400   13
115.7600   17
115.7800   17
115.8000   17
115.8200   13
115.8400   18
115.8600   19
115.8800   14
115.9000   21
115.9200   19
115.9400   19
115.9600   19
115.9800   19
116.0000   17
116.0200   20
116.0400   15
116.0600   13
116.0800   10
116.1000   14
116.1200   10
116.1400   8
116.1600   8
116.1800   7
116.2000   13
116.2200   6
116.2400   15
116.2600   13
116.2800   15
116.3000   12
116.3200   7
116.3400   12
116.3600   5
116.3800   11
116.4000   13
116.4200   3
116.4400   16
116.4600   10
116.4800   8
116.5000   8
116.5200   6
116.5400   6
116.5600   8
116.5800   5
116.6000   4
116.6200   8
116.6400   4
116.6600   7
116.6800   8
116.7000   5
116.7200   4
116.7400   7
116.7600   4
116.7800   7
116.8000   3
116.8200   3
116.8400   3
116.8600   3
116.8800   2
116.9000   0
116.9200   7
116.9400   1
116.9600   1
116.9800   2
117.0000   3
117.0200   0
117.0400   2
117.0600   1
117.0800   2
117.1000   4
117.1200   2
117.1400   0
117.1600   0
117.1800   1
117.2000   1
117.2200   3
117.2400   2
117.2600   2
117.2800   4
117.3000   1
117.3200   3
117.3400   2
117.3600   1
117.3800   3
117.4000   2
117.4200   1
117.4400   5
117.4600   0
117.4800   2
117.5000   3
117.5200   2
117.5400   0
117.5600   2
117.5800   4
117.6000   2
117.6200   1
117.6400   1
117.6600   3
117.6800   2
117.7000   2
117.7200   1
117.7400   2
117.7600   1
117.7800   1
117.8000   0
117.8200   1
117.8400   2
117.8600   1
117.8800   1
117.9000   1
117.9200   3
117.9400   3
117.9600   0
117.9800   1
118.0000   0
118.0200   2
118.0400   0
118.0600   1
118.0800   1
118.1000   1
118.1200   3
118.1400   1
118.1600   2
118.1800   3
118.2000   0
118.2200   1
118.2400   1
118.2600   0
118.2800   0
118.3000   1
118.3200   4
118.3400   1
118.3600   1
118.3800   0
118.4000   2
118.4200   1
118.4400   0
118.4600   1
118.4800   2
118.5000   0
118.5200   0
118.5400   3
118.5600   1
118.5800   1
118.6000   1
118.6200   0
118.6400   1
118.6600   1
118.6800   1
118.7000   1
118.7200   1
118.7400   0
118.7600   1
118.7800   0
118.8000   1
118.8200   1
118.8400   4
118.8600   2
118.8800   1
118.9000   2
118.9200   1
118.9400   0
118.9600   2
118.9800   1
119.0000   2
119.0200   2
119.0400   0
119.0600   1
119.0800   2
119.1000   0
119.1200   2
119.1400   2
119.1600   2
119.1800   0
119.2000   0
119.2200   0
119.2400   0
119.2600   0
119.2800   1
119.3000   0
119.3200   0
119.3400   0
119.3600   1
119.3800   3
119.4000   0
119.4200   1
119.4400   1
119.4600   1
119.4800   0
119.5000   0
119.5200   1
119.5400   0
119.5600   0
119.5800   2
119.6000   2
119.6200   0
119.6400   2
119.6600   2
119.6800   0
119.7000   3
119.7200   1
119.7400   1
119.7600   1
119.7800   1
119.8000   1
119.8200   3
119.8400   3
119.8600   0
119.8800   2
119.9000   1
119.9200   1
119.9400   1
119.9600   1
119.9800   1
120.0000   2
120.0200   0
120.0400   1
120.0600   2
120.0800   1
120.1000   1
120.1200   2
120.1400   2
120.1600   1
120.1800   0
120.2000   1
120.2200   1
120.2400   0
120.2600   5
120.2800   0
120.3000   1
120.3200   2
120.3400   1
120.3600   0
120.3800   1
120.4000   2
120.4200   1
120.4400   3
120.4600   1
120.4800   1
120.5000   1
120.5200   1
120.5400   2
120.5600   1
120.5800   1
120.6000   4
120.6200   0
120.6400   0
120.6600   3
120.6800   0
120.7000   1
120.7200   1
120.7400   1
120.7600   1
120.7800   2
120.8000   0
120.8200   0
120.8400   1
120.8600   2
120.8800   2
120.9000   1
120.9200   1
120.9400   2
120.9600   2
120.9800   0
121.0000   1
121.0200   1
121.0400   0
121.0600   0
121.0800   1
121.1000   1
121.1200   2
121.1400   2
121.1600   3
121.1800   1
121.2000   0
121.2200   1
121.2400   3
121.2600   1
121.2800   2
121.3000   1
121.3200   2
121.3400   4
121.3600   1
121.3800   0
121.4000   0
121.4200   3
121.4400   2
121.4600   1
121.4800   2
121.5000   1
121.5200   0
121.5400   2
121.5600   1
121.5800   0
121.6000   1
121.6200   1
121.6400   0
121.6600   1
121.6800   0
121.7000   1
121.7200   1
121.7400   1
121.7600   0
121.7800   1
121.8000   1
121.8200   2
121.8400   1
121.8600   3
121.8800   3
121.9000   2
121.9200   1
121.9400   1
121.9600   2
121.9800   0
122.0000   1
122.0200   2
122.0400   0
122.0600   1
122.0800   1
122.1000   0
122.1200   0
122.1400   2
122.1600   0
122.1800   0
122.2000   2
122.2200   1
122.2400   1
122.2600   2
122.2800   4
122.3000   1
122.3200   3
122.3400   0
122.3600   2
122.3800   0
122.4000   1
122.4200   0
122.4400   0
122.4600   4
122.4800   2
122.5000   0
122.5200   0
122.5400   0
122.5600   0
122.5800   2
122.6000   0
122.6200   1
122.6400   1
122.6600   0
122.6800   1
122.7000   1
122.7200   0
122.7400   1
122.7600   3
122.7800   0
122.8000   4
122.8200   0
122.8400   2
122.8600   2
122.8800   2
122.9000   1
122.9200   2
122.9400   2
122.9600   1
122.9800   0
123.0000   1
123.0200   1
123.0400   1
123.0600   4
123.0800   1
123.1000   0
123.1200   1
123.1400   3
123.1600   0
123.1800   1
123.2000   0
123.2200   1
123.2400   2
123.2600   0
123.2800   1
123.3000   1
123.3200   2
123.3400   3
123.3600   1
123.3800   0
123.4000   2
123.4200   1
123.4400   1
123.4600   1
123.4800   1
123.5000   0
123.5200   2
123.5400   0
123.5600   0
123.5800   1
123.6000   3
123.6200   2
123.6400   4
123.6600   1
123.6800   2
123.7000   3
123.7200   2
123.7400   4
123.7600   1
123.7800   1
123.8000   3
123.8200   0
123.8400   2
123.8600   0
123.8800   0
123.9000   1
123.9200   2
123.9400   0
123.9600   0
123.9800   2
124.0000   1
124.0200   2
124.0400   0
124.0600   0
124.0800   0
124.1000   1
124.1200   0
124.1400   6
124.1600   1
124.1800   2
124.2000   1
124.2200   1
124.2400   0
124.2600   2
124.2800   0
124.3000   4
124.3200   0
124.3400   1
124.3600   2
124.3800   1
124.4000   1
124.4200   2
124.4400   5
124.4600   3
124.4800   0
124.5000   2
124.5200   1
124.5400   2
124.5600   2
124.5800   3
124.6000   2
124.6200   2
124.6400   2
124.6600   1
124.6800   1
124.7000   0
124.7200   0
124.7400   0
124.7600   3
124.7800   2
124.8000   2
124.8200   2
124.8400   0
124.8600   0
124.8800   3
124.9000   1
124.9200   3
124.9400   3
124.9600   4
124.9800   0
125.0000   1
125.0200   1
125.0400   1
125.0600   5
125.0800   3
125.1000   1
125.1200   1
125.1400   2
125.1600   2
125.1800   1
125.2000   3
125.2200   2
125.2400   2
125.2600   1
125.2800   1
125.3000   2
125.3200   1
125.3400   1
125.3600   1
125.3800   1
125.4000   1
125.4200   1
125.4400   1
125.4600   1
125.4800   2
125.5000   5
125.5200   1
125.5400   1
125.5600   0
125.5800   3
125.6000   6
125.6200   0
125.6400   2
125.6600   0
125.6800   3
125.7000   3
125.7200   2
125.7400   3
125.7600   1
125.7800   1
125.8000   3
125.8200   1
125.8400   0
125.8600   2
125.8800   2
125.9000   2
125.9200   3
125.9400   1
125.9600   1
125.9800   2
126.0000   2
126.0200   1
126.0400   1
126.0600   1
126.0800   1
126.1000   2
126.1200   2
126.1400   0
126.1600   0
126.1800   1
126.2000   1
126.2200   2
126.2400   1
126.2600   0
126.2800   0
126.3000   1
126.3200   3
126.3400   1
126.3600   4
126.3800   1
126.4000   1
126.4200   1
126.4400   1
126.4600   1
126.4800   1
126.5000   3
126.5200   2
126.5400   0
126.5600   3
126.5800   2
126.6000   1
126.6200   3
126.6400   1
126.6600   3
126.6800   0
126.7000   1
126.7200   2
126.7400   0
126.7600   1
126.7800   3
126.8000   1
126.8200   3
126.8400   1
126.8600   2
126.8800   1
126.9000   0
126.9200   0
126.9400   1
126.9600   1
126.9800   3
127.0000   0
127.0200   0
127.0400   2
127.0600   2
127.0800   3
127.1000   2
127.1200   2
127.1400   3
127.1600   2
127.1800   6
127.2000   2
127.2200   3
127.2400   1
127.2600   0
127.2800   4
127.3000   2
127.3200   2
127.3400   0
127.3600   3
127.3800   4
127.4000   4
127.4200   4
127.4400   2
127.4600   3
127.4800   1
127.5000   2
127.5200   2
127.5400   1
127.5600   1
127.5800   1
127.6000   1
127.6200   3
127.6400   1
127.6600   1
127.6800   3
127.7000   0
127.7200   1
127.7400   1
127.7600   2
127.7800   3
127.8000   2
127.8200   1
127.8400   2
127.8600   0
127.8800   2
127.9000   3
127.9200   4
127.9400   0
127.9600   0
127.9800   1
128.0000   2
128.0200   4
128.0400   1
128.0600   0
128.0800   2
128.1000   2
128.1200   2
128.1400   1
128.1600   2
128.1800   3
128.2000   1
128.2200   1
128.2400   2
128.2600   2
128.2800   1
128.3000   1
128.3200   2
128.3400   3
128.3600   2
128.3800   2
128.4000   2
128.4200   2
128.4400   3
128.4600   4
128.4800   2
128.5000   1
128.5200   0
128.5400   3
128.5600   0
128.5800   2
128.6000   4
128.6200   6
128.6400   2
128.6600   0
128.6800   3
128.7000   4
128.7200   0
128.7400   2
128.7600   4
128.7800   1
128.8000   2
128.8200   2
128.8400   3
128.8600   5
128.8800   0
128.9000   0
128.9200   2
128.9400   6
128.9600   0
128.9800   5
129.0000   5
129.0200   3
129.0400   4
129.0600   4
129.0800   3
129.1000   3
129.1200   2
129.1400   3
129.1600   4
129.1800   0
129.2000   3
129.2200   1
129.2400   4
129.2600   4
129.2800   3
129.3000   2
129.3200   5
129.3400   2
129.3600   6
129.3800   3
129.4000   5
129.4200   4
129.4400   4
129.4600   1
129.4800   3
129.5000   3
129.5200   1
129.5400   4
129.5600   1
129.5800   2
129.6000   1
129.6200   5
129.6400   3
129.6600   5
129.6800   3
129.7000   7
129.7200   3
129.7400   3
129.7600   2
129.7800   5
129.8000   4
129.8200   1
129.8400   6
129.8600   4
129.8800   4
129.9000   7
129.9200   4
129.9400   5
129.9600   2
129.9800   5
130.0000   2
130.0200   2
130.0400   3
130.0600   7
130.0800   4
130.1000   3
130.1200   3
130.1400   2
130.1600   4
130.1800   7
130.2000   8
130.2200   5
130.2400   6
130.2600   5
130.2800   4
130.3000   4
130.3200   4
130.3400   6
130.3600   3
130.3800   5
130.4000   2
130.4200   7
130.4400   6
130.4600   3
130.4800   12
130.5000   6
130.5200   5
130.5400   8
130.5600   3
130.5800   7
130.6000   10
130.6200   7
130.6400   1
130.6600   9
130.6800   14
130.7000   9
130.7200   11
130.7400   7
130.7600   9
130.7800   5
130.8000   5
130.8200   7
130.8400   5
130.8600   5
130.8800   13
130.9000   11
130.9200   11
130.9400   9
130.9600   6
130.9800   11
131.0000   14
131.0200   6
131.0400   10
131.0600   11
131.0800   14
131.1000   12
131.1200   20
131.1400   14
131.1600   21
131.1800   22
131.2000   18
131.2200   19
131.2400   17
131.2600   20
131.2800   11
131.3000   17
131.3200   16
131.3400   15
131.3600   16
131.3800   12
131.4000   15
131.4200   18
131.4400   19
131.4600   22
131.4800   19
131.5000   41
131.5200   28
131.5400   23
131.5600   31
131.5800   31
131.6000   26
131.6200   26
131.6400   30
131.6600   35
131.6800   38
131.7000   27
131.7200   40
131.7400   41
131.7600   30
131.7800   48
131.8000   42
131.8200   41
131.8400   40
131.8600   34
131.8800   46
131.9000   53
131.9200   55
131.9400   56
131.9600   55
131.9800   54
132.0000   64
132.0200   52
132.0400   55
132.0600   72
132.0800   68
132.1000   64
132.1200   72
132.1400   82
132.1600   92
132.1800   88
132.2000   93
132.2200   106
132.2400   100
132.2600   98
132.2800   102
132.3000   105
132.3200   131
132.3400   111
132.3600   96
132.3800   104
132.4000   115
132.4200   111
132.4400   122
132.4600   105
132.4800   119
132.5000   110
132.5200   131
132.5400   111
132.5600   122
132.5800   112
132.6000   160
132.6200   104
132.6400   101
132.6600   119
132.6800   109
132.7000   107
132.7200   109
132.7400   113
132.7600   93
132.7800   94
132.8000   95
132.8200   97
132.8400   83
132.8600   102
132.8800   90
132.9000   80
132.9200   80
132.9400   74
132.9600   93
132.9800   97
133.0000   90
133.0200   68
133.0400   86
133.0600   85
133.0800   82
133.1000   75
133.1200   79
133.1400   64
133.1600   83
133.1800   77
133.2000   72
133.2200   83
133.2400   67
133.2600   58
133.2800   72
133.3000   66
133.3200   39
133.3400   58
133.3600   45
133.3800   47
133.4000   48
133.4200   50
133.4400   44
133.4600   43
133.4800   40
133.5000   41
133.5200   45
133.5400   30
133.5600   40
133.5800   24
133.6000   25
133.6200   30
133.6400   23
133.6600   27
133.6800   28
133.7000   24
133.7200   26
133.7400   26
133.7600   20
133.7800   21
133.8000   15
133.8200   23
133.8400   8
133.8600   11
133.8800   14
133.9000   15
133.9200   15
133.9400   12
133.9600   16
133.9800   15
134.0000   15
134.0200   15
134.0400   17
134.0600   17
134.0800   11
134.1000   13
134.1200   13
134.1400   7
134.1600   7
134.1800   13
134.2000   3
134.2200   13
134.2400   9
134.2600   11
134.2800   6
134.3000   10
134.3200   11
134.3400   13
134.3600   7
134.3800   6
134.4000   10
134.4200   6
134.4400   12
134.4600   6
134.4800   4
134.5000   8
134.5200   8
134.5400   6
134.5600   7
134.5800   4
134.6000   5
134.6200   5
134.6400   3
134.6600   7
134.6800   8
134.7000   6
134.7200   8
134.7400   4
134.7600   8
134.7800   12
134.8000   3
134.8200   10
134.8400   5
134.8600   5
134.8800   6
134.9000   6
134.9200   7
134.9400   7
134.9600   6
134.9800   2
135.0000   4
135.0200   4
135.0400   4
135.0600   6
135.0800   4
135.1000   5
135.1200   8
135.1400   4
135.1600   5
135.1800   1
135.2000   4
135.2200   5
135.2400   5
135.2600   0
135.2800   4
135.3000   2
135.3200   1
135.3400   2
135.3600   5
135.3800   3
135.4000   3
135.4200   7
135.4400   0
135.4600   8
135.4800   7
135.5000   1
135.5200   1
135.5400   3
135.5600   4
135.5800   1
135.6000   6
135.6200   4
135.6400   4
135.6600   5
135.6800   3
135.7000   4
135.7200   5
135.7400   4
135.7600   4
135.7800   5
135.8000   5
135.8200   2
135.8400   3
135.8600   4
135.8800   3
135.9000   4
135.9200   3
135.9400   3
135.9600   3
135.9800   2
136.0000   1
136.0200   3
136.0400   4
136.0600   2
136.0800   7
136.1000   3
136.1200   3
136.1400   4
136.1600   4
136.1800   1
136.2000   2
136.2200   5
136.2400   0
136.2600   2
136.2800   3
136.3000   4
136.3200   3
136.3400   2
136.3600   2
136.3800   4
136.4000   1
136.4200   3
136.4400   3
136.4600   1
136.4800   2
136.5000   4
136.5200   5
136.5400   4
136.5600   1
136.5800   6
136.6000   4
136.6200   0
136.6400   3
136.6600   1
136.6800   5
136.7000   0
136.7200   5
136.7400   4
136.7600   1
136.7800   1
136.8000   1
136.8200   6
136.8400   3
136.8600   1
136.8800   3
136.9000   1
136.9200   3
136.9400   6
136.9600   5
136.9800   1
137.0000   3
137.0200   6
137.0400   2
137.0600   3
137.0800   0
137.1000   5
137.1200   6
137.1400   2
137.1600   5
137.1800   3
137.2000   6
137.2200   1
137.2400   4
137.2600   2
137.2800   0
137.3000   1
137.3200   1
137.3400   4
137.3600   2
137.3800   3
137.4000   3
137.4200   4
137.4400   2
137.4600   1
137.4800   0
137.5000   2
137.5200   1
137.5400   4
137.5600   3
137.5800   1
137.6000   4
137.6200   2
137.6400   2
137.6600   1
137.6800   4
137.7000   1
137.7200   1
137.7400   3
137.7600   3
137.7800   1
137.8000   3
137.8200   2
137.8400   1
137.8600   1
137.8800   1
137.9000   6
137.9200   3
137.9400   0
137.9600   3
137.9800   2
138.0000   3
138.0200   1
138.0400   3
138.0600   3
138.0800   3
138.1000   2
138.1200   3
138.1400   0
138.1600   3
138.1800   3
138.2000   2
138.2200   1
138.2400   3
138.2600   2
138.2800   2
138.3000   3
138.3200   1
138.3400   1
138.3600   6
138.3800   3
138.4000   1
138.4200   2
138.4400   4
138.4600   2
138.4800   5
138.5000   5
138.5200   0
138.5400   3
138.5600   3
138.5800   1
138.6000   2
138.6200   2
138.6400   2
138.6600   0
138.6800   4
138.7000   2
138.7200   0
138.7400   4
138.7600   5
138.7800   1
138.8000   0
138.8200   4
138.8400   4
138.8600   2
138.8800   4
138.9000   2
138.9200   1
138.9400   2
138.9600   3
138.9800   2
139.0000   0
139.0200   2
139.0400   0
139.0600   0
139.0800   0
139.1000   3
139.1200   3
139.1400   2
139.1600   0
139.1800   2
139.2000   3
139.2200   2
139.2400   4
139.2600   0
139.2800   3
139.3000   0
139.3200   0
139.3400   0
139.3600   5
139.3800   2
139.4000   1
139.4200   3
139.4400   1
139.4600   0
139.4800   4
139.5000   2
139.5200   2
139.5400   1
139.5600   1
139.5800   1
139.6000   2
139.6200   4
139.6400   1
139.6600   1
139.6800   3
139.7000   4
139.7200   0
139.7400   3
139.7600   0
139.7800   2
139.8000   0
139.8200   0
139.8400   1
139.8600   3
139.8800   3
139.9000   4
139.9200   3
139.9400   0
139.9600   2
139.9800   1
140.0000   2
