20.0000   16
20.0200   15
20.0400   19
20.0600   12
20.0800   17
20.1000   13
20.1200   21
20.1400   12
20.1600   12
20.1800   13
20.2000   18
20.2200   17
20.2400   17
20.2600   17
20.2800   19
20.3000   21
20.3200   24
20.3400   15
20.3600   19
20.3800   20
20.4000   12
20.4200   11
20.4400   17
20.4600   19
20.4800   12
20.5000   17
20.5200   20
20.5400   11
20.5600   14
20.5800   18
20.6000   11
20.6200   14
20.6400   12
20.6600   14
20.6800   21
20.7000   12
20.7200   18
20.7400   24
20.7600   11
20.7800   12
20.8000   18
20.8200   19
20.8400   17
20.8600   19
20.8800   15
20.9000   14
20.9200   17
20.9400   17
20.9600   22
20.9800   11
21.0000   14
21.0200   22
21.0400   17
21.0600   20
21.0800   19
21.1000   12
21.1200   12
21.1400   12
21.1600   16
21.1800   20
21.2000   17
21.2200   13
21.2400   19
21.2600   17
21.2800   18
21.3000   19
21.3200   19
21.3400   19
21.3600   16
21.3800   7
21.4000   14
21.4200   15
21.4400   19
21.4600   15
21.4800   15
21.5000   16
21.5200   12
21.5400   19
21.5600   11
21.5800   20
21.6000   16
21.6200   20
21.6400   21
21.6600   8
21.6800   20
21.7000   13
21.7200   22
21.7400   16
21.7600   23
21.7800   13
21.8000   10
21.8200   21
21.8400   10
21.8600   15
21.8800   11
21.9000   20
21.9200   15
21.9400   13
21.9600   13
21.9800   14
22.0000   24
22.0200   16
22.0400   18
22.0600   23
22.0800   18
22.1000   13
22.1200   12
22.1400   18
22.1600   14
22.1800   15
22.2000   23
22.2200   14
22.2400   25
22.2600   23
22.2800   16
22.3000   20
22.3200   22
22.3400   17
22.3600   19
22.3800   27
22.4000   10
22.4200   22
22.4400   17
22.4600   24
22.4800   22
22.5000   21
22.5200   19
22.5400   19
22.5600   18
22.5800   15
22.6000   17
22.6200   28
22.6400   18
22.6600   14
22.6800   23
22.7000   15
22.7200   13
22.7400   23
22.7600   17
22.7800   18
22.8000   20
22.8200   17
22.8400   16
22.8600   22
22.8800   18
22.9000   19
22.9200   23
22.9400   15
22.9600   20
22.9800   13
23.0000   16
23.0200   20
23.0400   26
23.0600   18
23.0800   23
23.1000   24
23.1200   14
23.1400   19
23.1600   21
23.1800   19
23.2000   17
23.2200   22
23.2400   16
23.2600   19
23.2800   23
23.3000   24
23.3200   22
23.3400   26
23.3600   22
23.3800   22
23.4000   25
23.4200   25
23.4400   21
23.4600   24
23.4800   22
23.5000   21
23.5200   24
23.5400   23
23.5600   28
23.5800   23
23.6000   17
23.6200   17
23.6400   28
23.6600   17
23.6800   24
23.7000   19
23.7200   22
23.7400   24
23.7600   19
23.7800   25
23.8000   26
23.8200   20
23.8400   31
23.8600   21
23.8800   25
23.9000   38
23.9200   23
23.9400   23
23.9600   29
23.9800   31
24.0000   29
24.0200   29
24.0400   24
24.0600   28
24.0800   23
24.1000   35
24.1200   20
24.1400   24
24.1600   27
24.1800   25
24.2000   29
24.2200   32
24.2400   32
24.2600   26
24.2800   27
24.3000   30
24.3200   30
24.3400   35
24.3600   21
24.3800   33
24.4000   34
24.4200   40
24.4400   31
24.4600   24
24.4800   37
24.5000   42
24.5200   40
24.5400   31
24.5600   35
24.5800   32
24.6000   46
24.6200   38
24.6400   31
24.6600   41
24.6800   39
24.7000   35
24.7200   58
24.7400   34
24.7600   47
24.7800   42
24.8000   37
24.8200   40
24.8400   35
24.8600   41
24.8800   45
24.9000   35
24.9200   43
24.9400   38
24.9600   45
24.9800   43
25.0000   57
25.0200   50
25.0400   40
25.0600   45
25.0800   59
25.1000   55
25.1200   59
25.1400   45
25.1600   64
25.1800   67
25.2000   73
25.2200   73
25.2400   71
25.2600   74
25.2800   83
25.3000   81
25.3200   65
25.3400   82
25.3600   96
25.3800   73
25.4000   83
25.4200   89
25.4400   91
25.4600   100
25.4800   104
25.5000   104
25.5200   118
25.5400   114
25.5600   135
25.5800   119
25.6000   151
25.6200   167
25.6400   145
25.6600   174
25.6800   171
25.7000   155
25.7200   193
25.7400   201
25.7600   201
25.7800   252
25.8000   268
25.8200   272
25.8400   280
25.8600   301
25.8800   332
25.9000   314
25.9200   354
25.9400   437
25.9600   495
25.9800   499
26.0000   565
26.0200   606
26.0400   696
26.0600   733
26.0800   867
26.1000   922
26.1200   1005
26.1400   1179
26.1600   1316
26.1800   1488
26.2000   1757
26.2200   1875
26.2400   2242
26.2600   2399
26.2800   2738
26.3000   2973
26.3200   3537
26.3400   3854
26.3600   4407
26.3800   4661
26.4000   5517
26.4200   5804
26.4400   6471
26.4600   6753
26.4800   7492
26.5000   7576
26.5200   7869
26.5400   7885
26.5600   7690
26.5800   7477
26.6000   6487
26.6200   5922
26.6400   4667
26.6600   4201
26.6800   3005
26.7000   2401
26.7200   1792
26.7400   1555
26.7600   1089
26.7800   946
26.8000   732
26.8200   686
26.8400   567
26.8600   485
26.8800   429
26.9000   405
26.9200   321
26.9400   287
26.9600   259
26.9800   246
27.0000   212
27.0200   173
27.0400   178
27.0600   144
27.0800   172
27.1000   139
27.1200   143
27.1400   96
27.1600   108
27.1800   121
27.2000   90
27.2200   98
27.2400   94
27.2600   97
27.2800   92
27.3000   84
27.3200   87
27.3400   64
27.3600   65
27.3800   68
27.4000   53
27.4200   67
27.4400   56
27.4600   50
27.4800   46
27.5000   61
27.5200   45
27.5400   56
27.5600   75
27.5800   68
27.6000   40
27.6200   48
27.6400   48
27.6600   43
27.6800   39
27.7000   38
27.7200   38
27.7400   30
27.7600   42
27.7800   39
27.8000   46
27.8200   39
27.8400   29
27.8600   40
27.8800   34
27.9000   28
27.9200   36
27.9400   36
27.9600   30
27.9800   23
28.0000   32
28.0200   24
28.0400   25
28.0600   27
28.0800   25
28.1000   35
28.1200   27
28.1400   22
28.1600   26
28.1800   27
28.2000   23
28.2200   31
28.2400   28
28.2600   24
28.2800   29
28.3000   29
28.3200   27
28.3400   34
28.3600   29
28.3800   36
28.4000   26
28.4200   27
28.4400   35
28.4600   42
28.4800   25
28.5000   30
28.5200   39
28.5400   37
28.5600   35
28.5800   28
28.6000   22
28.6200   21
28.6400   15
28.6600   28
28.6800   22
28.7000   21
28.7200   22
28.7400   23
28.7600   22
28.7800   28
28.8000   25
28.8200   29
28.8400   27
28.8600   16
28.8800   15
28.9000   16
28.9200   26
28.9400   14
28.9600   23
28.9800   22
29.0000   18
29.0200   27
29.0400   17
29.0600   23
29.0800   21
29.1000   21
29.1200   31
29.1400   21
29.1600   24
29.1800   20
29.2000   20
29.2200   28
29.2400   10
29.2600   12
29.2800   17
29.3000   14
29.3200   21
29.3400   19
29.3600   21
29.3800   16
29.4000   26
29.4200   14
29.4400   16
29.4600   16
29.4800   15
29.5000   14
29.5200   20
29.5400   22
29.5600   23
29.5800   24
29.6000   23
29.6200   15
29.6400   21
29.6600   21
29.6800   16
29.7000   21
29.7200   25
29.7400   19
29.7600   13
29.7800   25
29.8000   21
29.8200   22
29.8400   18
29.8600   16
29.8800   24
29.9000   10
29.9200   13
29.9400   17
29.9600   15
29.9800   11
30.0000   16
30.0200   13
30.0400   21
30.0600   21
30.0800   21
30.1000   15
30.1200   13
30.1400   25
30.1600   22
30.1800   20
30.2000   22
30.2200   19
30.2400   14
30.2600   12
30.2800   16
30.3000   16
30.3200   18
30.3400   11
30.3600   14
30.3800   31
30.4000   17
30.4200   11
30.4400   24
30.4600   25
30.4800   15
30.5000   16
30.5200   7
30.5400   26
30.5600   17
30.5800   20
30.6000   14
30.6200   20
30.6400   12
30.6600   16
30.6800   13
30.7000   26
30.7200   19
30.7400   11
30.7600   19
30.7800   17
30.8000   14
30.8200   13
30.8400   16
30.8600   24
30.8800   13
30.9000   21
30.9200   21
30.9400   18
30.9600   13
30.9800   19
31.0000   17
31.0200   16
31.0400   14
31.0600   12
31.0800   16
31.1000   16
31.1200   19
31.1400   13
31.1600   14
31.1800   15
31.2000   23
31.2200   13
31.2400   7
31.2600   10
31.2800   12
31.3000   13
31.3200   16
31.3400   18
31.3600   14
31.3800   20
31.4000   15
31.4200   13
31.4400   14
31.4600   12
31.4800   18
31.5000   19
31.5200   16
31.5400   15
31.5600   19
31.5800   23
31.6000   19
31.6200   25
31.6400   23
31.6600   27
31.6800   34
31.7000   43
31.7200   41
31.7400   38
31.7600   40
31.7800   36
31.8000   37
31.8200   36
31.8400   28
31.8600   19
31.8800   26
31.9000   25
31.9200   16
31.9400   15
31.9600   20
31.9800   12
32.0000   25
32.0200   12
32.0400   13
32.0600   19
32.0800   19
32.1000   16
32.1200   22
32.1400   19
32.1600   17
32.1800   13
32.2000   10
32.2200   17
32.2400   12
32.2600   13
32.2800   12
32.3000   19
32.3200   10
32.3400   18
32.3600   9
32.3800   22
32.4000   14
32.4200   18
32.4400   12
32.4600   25
32.4800   14
32.5000   16
32.5200   11
32.5400   18
32.5600   12
32.5800   13
32.6000   11
32.6200   13
32.6400   13
32.6600   23
32.6800   11
32.7000   14
32.7200   11
32.7400   14
32.7600   16
32.7800   18
32.8000   20
32.8200   13
32.8400   11
32.8600   14
32.8800   14
32.9000   11
32.9200   9
32.9400   16
32.9600   20
32.9800   13
33.0000   13
33.0200   10
33.0400   13
33.0600   25
33.0800   15
33.1000   13
33.1200   9
33.1400   11
33.1600   15
33.1800   9
33.2000   21
33.2200   16
33.2400   11
33.2600   15
33.2800   17
33.3000   14
33.3200   12
33.3400   13
33.3600   15
33.3800   8
33.4000   16
33.4200   17
33.4400   15
33.4600   21
33.4800   22
33.5000   20
33.5200   23
33.5400   18
33.5600   18
33.5800   11
33.6000   16
33.6200   18
33.6400   13
33.6600   21
33.6800   12
33.7000   15
33.7200   21
33.7400   10
33.7600   11
33.7800   14
33.8000   17
33.8200   14
33.8400   12
33.8600   17
33.8800   8
33.9000   14
33.9200   11
33.9400   23
33.9600   16
33.9800   17
34.0000   15
34.0200   16
34.0400   13
34.0600   14
34.0800   20
34.1000   12
34.1200   15
34.1400   18
34.1600   10
34.1800   22
34.2000   13
34.2200   13
34.2400   14
34.2600   16
34.2800   16
34.3000   18
34.3200   14
34.3400   15
34.3600   8
34.3800   12
34.4000   10
34.4200   12
34.4400   11
34.4600   11
34.4800   13
34.5000   10
34.5200   10
34.5400   8
34.5600   9
34.5800   12
34.6000   12
34.6200   9
34.6400   9
34.6600   16
34.6800   21
34.7000   11
34.7200   13
34.7400   23
34.7600   14
34.7800   14
34.8000   12
34.8200   16
34.8400   11
34.8600   17
34.8800   12
34.9000   22
34.9200   13
34.9400   13
34.9600   15
34.9800   12
35.0000   20
35.0200   15
35.0400   19
35.0600   10
35.0800   19
35.1000   9
35.1200   21
35.1400   21
35.1600   11
35.1800   11
35.2000   10
35.2200   23
35.2400   14
35.2600   15
35.2800   12
35.3000   9
35.3200   14
35.3400   7
35.3600   14
35.3800   19
35.4000   18
35.4200   14
35.4400   10
35.4600   14
35.4800   23
35.5000   13
35.5200   19
35.5400   14
35.5600   13
35.5800   13
35.6000   13
35.6200   16
35.6400   21
35.6600   8
35.6800   18
35.7000   17
35.7200   14
35.7400   17
35.7600   9
35.7800   13
35.8000   20
35.8200   15
35.8400   6
35.8600   19
35.8800   19
35.9000   17
35.9200   12
35.9400   18
35.9600   25
35.9800   12
36.0000   9
36.0200   12
36.0400   11
36.0600   16
36.0800   18
36.1000   10
36.1200   18
36.1400   14
36.1600   11
36.1800   14
36.2000   11
36.2200   14
36.2400   12
36.2600   18
36.2800   17
36.3000   15
36.3200   7
36.3400   11
36.3600   14
36.3800   11
36.4000   16
36.4200   13
36.4400   20
36.4600   13
36.4800   14
36.5000   12
36.5200   9
36.5400   19
36.5600   18
36.5800   12
36.6000   21
36.6200   25
36.6400   13
36.6600   15
36.6800   15
36.7000   10
36.7200   10
36.7400   13
36.7600   12
36.7800   17
36.8000   11
36.8200   14
36.8400   20
36.8600   8
36.8800   13
36.9000   17
36.9200   15
36.9400   14
36.9600   21
36.9800   13
37.0000   15
37.0200   17
37.0400   16
37.0600   12
37.0800   11
37.1000   15
37.1200   12
37.1400   18
37.1600   7
37.1800   18
37.2000   16
37.2200   13
37.2400   19
37.2600   12
37.2800   21
37.3000   10
37.3200   13
37.3400   21
37.3600   12
37.3800   11
37.4000   12
37.4200   20
37.4400   17
37.4600   17
37.4800   25
37.5000   18
37.5200   13
37.5400   14
37.5600   15
37.5800   13
37.6000   14
37.6200   13
37.6400   23
37.6600   19
37.6800   12
37.7000   13
37.7200   15
37.7400   14
37.7600   16
37.7800   10
37.8000   11
37.8200   19
37.8400   16
37.8600   19
37.8800   20
37.9000   17
37.9200   12
37.9400   15
37.9600   16
37.9800   17
38.0000   16
38.0200   16
38.0400   17
38.0600   14
38.0800   15
38.1000   28
38.1200   16
38.1400   19
38.1600   22
38.1800   18
38.2000   36
38.2200   38
38.2400   44
38.2600   62
38.2800   86
38.3000   75
38.3200   104
38.3400   108
38.3600   116
38.3800   98
38.4000   78
38.4200   55
38.4400   59
38.4600   53
38.4800   57
38.5000   35
38.5200   26
38.5400   23
38.5600   18
38.5800   20
38.6000   18
38.6200   26
38.6400   14
38.6600   16
38.6800   20
38.7000   12
38.7200   10
38.7400   17
38.7600   12
38.7800   14
38.8000   18
38.8200   21
38.8400   13
38.8600   20
38.8800   22
38.9000   16
38.9200   12
38.9400   15
38.9600   15
38.9800   16
39.0000   18
39.0200   10
39.0400   14
39.0600   18
39.0800   18
39.1000   20
39.1200   20
39.1400   16
39.1600   19
39.1800   15
39.2000   12
39.2200   16
39.2400   14
39.2600   14
39.2800   10
39.3000   15
39.3200   8
39.3400   13
39.3600   11
39.3800   15
39.4000   9
39.4200   11
39.4400   24
39.4600   11
39.4800   15
39.5000   22
39.5200   16
39.5400   12
39.5600   18
39.5800   15
39.6000   11
39.6200   16
39.6400   21
39.6600   10
39.6800   21
39.7000   18
39.7200   15
39.7400   19
39.7600   17
39.7800   20
39.8000   19
39.8200   12
39.8400   23
39.8600   11
39.8800   12
39.9000   18
39.9200   6
39.9400   17
39.9600   19
39.9800   19
40.0000   16
40.0200   11
40.0400   18
40.0600   9
40.0800   12
40.1000   17
40.1200   15
40.1400   13
40.1600   12
40.1800   9
40.2000   16
40.2200   13
40.2400   11
40.2600   19
40.2800   15
40.3000   12
40.3200   17
40.3400   17
40.3600   13
40.3800   15
40.4000   13
40.4200   11
40.4400   23
40.4600   15
40.4800   17
40.5000   12
40.5200   21
40.5400   19
40.5600   25
40.5800   20
40.6000   19
40.6200   21
40.6400   16
40.6600   12
40.6800   16
40.7000   25
40.7200   22
40.7400   24
40.7600   16
40.7800   17
40.8000   23
40.8200   19
40.8400   16
40.8600   18
40.8800   17
40.9000   20
40.9200   20
40.9400   20
40.9600   12
40.9800   13
41.0000   21
41.0200   22
41.0400   14
41.0600   12
41.0800   15
41.1000   14
41.1200   19
41.1400   15
41.1600   14
41.1800   16
41.2000   16
41.2200   18
41.2400   15
41.2600   10
41.2800   17
41.3000   19
41.3200   15
41.3400   16
41.3600   12
41.3800   11
41.4000   14
41.4200   21
41.4400   25
41.4600   14
41.4800   20
41.5000   16
41.5200   14
41.5400   19
41.5600   18
41.5800   8
41.6000   9
41.6200   17
41.6400   17
41.6600   22
41.6800   20
41.7000   22
41.7200   19
41.7400   12
41.7600   9
41.7800   12
41.8000   13
41.8200   19
41.8400   21
41.8600   16
41.8800   16
41.9000   18
41.9200   18
41.9400   14
41.9600   16
41.9800   13
42.0000   25
42.0200   19
42.0400   23
42.0600   31
42.0800   33
42.1000   36
42.1200   29
42.1400   25
42.1600   28
42.1800   34
42.2000   45
42.2200   46
42.2400   53
42.2600   42
42.2800   65
42.3000   67
42.3200   70
42.3400   83
42.3600   85
42.3800   108
42.4000   119
42.4200   126
42.4400   148
42.4600   116
42.4800   139
42.5000   156
42.5200   124
42.5400   134
42.5600   117
42.5800   119
42.6000   89
42.6200   106
42.6400   94
42.6600   112
42.6800   104
42.7000   74
42.7200   93
42.7400   67
42.7600   78
42.7800   76
42.8000   79
42.8200   79
42.8400   78
42.8600   70
42.8800   75
42.9000   69
42.9200   69
42.9400   63
42.9600   62
42.9800   61
43.0000   73
43.0200   64
43.0400   49
43.0600   74
43.0800   73
43.1000   68
43.1200   82
43.1400   65
43.1600   71
43.1800   76
43.2000   73
43.2200   60
43.2400   71
43.2600   70
43.2800   80
43.3000   68
43.3200   73
43.3400   68
43.3600   94
43.3800   90
43.4000   91
43.4200   83
43.4400   92
43.4600   77
43.4800   67
43.5000   73
43.5200   84
43.5400   87
43.5600   82
43.5800   89
43.6000   96
43.6200   91
43.6400   72
43.6600   95
43.6800   95
43.7000   88
43.7200   85
43.7400   98
43.7600   88
43.7800   99
43.8000   103
43.8200   92
43.8400   118
43.8600   106
43.8800   103
43.9000   128
43.9200   121
43.9400   123
43.9600   124
43.9800   113
44.0000   131
44.0200   130
44.0400   139
44.0600   117
44.0800   124
44.1000   131
44.1200   164
44.1400   163
44.1600   170
44.1800   143
44.2000   144
44.2200   132
44.2400   158
44.2600   165
44.2800   162
44.3000   161
44.3200   161
44.3400   164
44.3600   187
44.3800   183
44.4000   178
44.4200   169
44.4400   172
44.4600   172
44.4800   201
44.5000   194
44.5200   191
44.5400   197
44.5600   207
44.5800   202
44.6000   199
44.6200   191
44.6400   185
44.6600   202
44.6800   198
44.7000   183
44.7200   181
44.7400   169
44.7600   165
44.7800   158
44.8000   149
44.8200   152
44.8400   135
44.8600   153
44.8800   143
44.9000   149
44.9200   121
44.9400   137
44.9600   138
44.9800   125
45.0000   114
45.0200   135
45.0400   116
45.0600   107
45.0800   120
45.1000   98
45.1200   124
45.1400   98
45.1600   112
45.1800   87
45.2000   106
45.2200   91
45.2400   111
45.2600   108
45.2800   103
45.3000   85
45.3200   109
45.3400   76
45.3600   70
45.3800   81
45.4000   79
45.4200   66
45.4400   76
45.4600   86
45.4800   74
45.5000   82
45.5200   80
45.5400   82
45.5600   65
45.5800   71
45.6000   61
45.6200   79
45.6400   66
45.6600   55
45.6800   58
45.7000   79
45.7200   49
45.7400   49
45.7600   46
45.7800   63
45.8000   48
45.8200   52
45.8400   54
45.8600   56
45.8800   45
45.9000   60
45.9200   53
45.9400   50
45.9600   51
45.9800   68
46.0000   36
46.0200   44
46.0400   32
46.0600   34
46.0800   26
46.1000   37
46.1200   37
46.1400   46
46.1600   42
46.1800   38
46.2000   47
46.2200   37
46.2400   36
46.2600   38
46.2800   40
46.3000   43
46.3200   41
46.3400   45
46.3600   35
46.3800   40
46.4000   43
46.4200   47
46.4400   47
46.4600   37
46.4800   35
46.5000   46
46.5200   29
46.5400   41
46.5600   42
46.5800   39
46.6000   35
46.6200   40
46.6400   38
46.6600   38
46.6800   34
46.7000   36
46.7200   44
46.7400   25
46.7600   34
46.7800   37
46.8000   35
46.8200   34
46.8400   28
46.8600   25
46.8800   27
46.9000   26
46.9200   25
46.9400   34
46.9600   25
46.9800   33
47.0000   34
47.0200   31
47.0400   31
47.0600   26
47.0800   31
47.1000   26
47.1200   26
47.1400   33
47.1600   29
47.1800   28
47.2000   31
47.2200   32
47.2400   27
47.2600   21
47.2800   25
47.3000   28
47.3200   22
47.3400   33
47.3600   27
47.3800   30
47.4000   25
47.4200   21
47.4400   33
47.4600   17
47.4800   35
47.5000   27
47.5200   26
47.5400   31
47.5600   32
47.5800   25
47.6000   34
47.6200   29
47.6400   30
47.6600   34
47.6800   26
47.7000   18
47.7200   21
47.7400   21
47.7600   31
47.7800   28
47.8000   14
47.8200   24
47.8400   23
47.8600   26
47.8800   32
47.9000   22
47.9200   29
47.9400   28
47.9600   21
47.9800   22
48.0000   29
48.0200   23
48.0400   28
48.0600   30
48.0800   22
48.1000   20
48.1200   36
48.1400   15
48.1600   23
48.1800   26
48.2000   33
48.2200   23
48.2400   20
48.2600   24
48.2800   30
48.3000   25
48.3200   21
48.3400   24
48.3600   16
48.3800   16
48.4000   26
48.4200   39
48.4400   25
48.4600   27
48.4800   26
48.5000   19
48.5200   30
48.5400   23
48.5600   13
48.5800   24
48.6000   33
48.6200   31
48.6400   26
48.6600   26
48.6800   31
48.7000   25
48.7200   28
48.7400   30
48.7600   32
48.7800   22
48.8000   27
48.8200   29
48.8400   25
48.8600   32
48.8800   29
48.9000   19
48.9200   33
48.9400   33
48.9600   30
48.9800   22
49.0000   35
49.0200   33
49.0400   28
49.0600   28
49.0800   14
49.1000   19
49.1200   36
49.1400   19
49.1600   30
49.1800   25
49.2000   29
49.2200   24
49.2400   28
49.2600   26
49.2800   26
49.3000   28
49.3200   21
49.3400   26
49.3600   30
49.3800   24
49.4000   30
49.4200   24
49.4400   23
49.4600   31
49.4800   24
49.5000   24
49.5200   29
49.5400   30
49.5600   28
49.5800   34
49.6000   25
49.6200   30
49.6400   27
49.6600   38
49.6800   22
49.7000   19
49.7200   26
49.7400   35
49.7600   29
49.7800   34
49.8000   32
49.8200   30
49.8400   26
49.8600   33
49.8800   27
49.9000   36
49.9200   27
49.9400   36
49.9600   21
49.9800   29
50.0000   23
50.0200   29
50.0400   40
50.0600   34
50.0800   32
50.1000   29
50.1200   32
50.1400   23
50.1600   34
50.1800   35
50.2000   31
50.2200   25
50.2400   20
50.2600   28
50.2800   35
50.3000   27
50.3200   35
50.3400   38
50.3600   26
50.3800   34
50.4000   31
50.4200   35
50.4400   42
50.4600   28
50.4800   34
50.5000   27
50.5200   32
50.5400   34
50.5600   41
50.5800   41
50.6000   30
50.6200   20
50.6400   36
50.6600   34
50.6800   27
50.7000   31
50.7200   31
50.7400   33
50.7600   29
50.7800   32
50.8000   35
50.8200   29
50.8400   35
50.8600   31
50.8800   40
50.9000   32
50.9200   39
50.9400   31
50.9600   33
50.9800   32
51.0000   30
51.0200   22
51.0400   21
51.0600   27
51.0800   30
51.1000   28
51.1200   23
51.1400   35
51.1600   33
51.1800   25
51.2000   33
51.2200   38
51.2400   32
51.2600   37
51.2800   32
51.3000   37
51.3200   33
51.3400   40
51.3600   34
51.3800   26
51.4000   23
51.4200   21
51.4400   30
51.4600   21
51.4800   26
51.5000   23
51.5200   33
51.5400   27
51.5600   23
51.5800   32
51.6000   28
51.6200   29
51.6400   23
51.6600   16
51.6800   33
51.7000   24
51.7200   33
51.7400   35
51.7600   32
51.7800   32
51.8000   33
51.8200   26
51.8400   26
51.8600   21
51.8800   28
51.9000   29
51.9200   27
51.9400   21
51.9600   21
51.9800   26
52.0000   33
52.0200   40
52.0400   24
52.0600   19
52.0800   25
52.1000   45
52.1200   28
52.1400   25
52.1600   30
52.1800   34
52.2000   19
52.2200   37
52.2400   37
52.2600   31
52.2800   29
52.3000   27
52.3200   34
52.3400   31
52.3600   29
52.3800   21
52.4000   29
52.4200   33
52.4400   33
52.4600   36
52.4800   37
52.5000   37
52.5200   29
52.5400   27
52.5600   32
52.5800   24
52.6000   34
52.6200   29
52.6400   29
52.6600   33
52.6800   29
52.7000   37
52.7200   27
52.7400   25
52.7600   29
52.7800   42
52.8000   25
52.8200   15
52.8400   32
52.8600   18
52.8800   27
52.9000   26
52.9200   35
52.9400   31
52.9600   31
52.9800   34
53.0000   29
53.0200   41
53.0400   30
53.0600   40
53.0800   29
53.1000   23
53.1200   37
53.1400   33
53.1600   33
53.1800   31
53.2000   24
53.2200   40
53.2400   31
53.2600   40
53.2800   36
53.3000   34
53.3200   46
53.3400   37
53.3600   37
53.3800   38
53.4000   38
53.4200   40
53.4400   35
53.4600   38
53.4800   45
53.5000   40
53.5200   48
53.5400   33
53.5600   46
53.5800   42
53.6000   45
53.6200   46
53.6400   44
53.6600   46
53.6800   51
53.7000   43
53.7200   44
53.7400   48
53.7600   66
53.7800   63
53.8000   48
53.8200   70
53.8400   63
53.8600   70
53.8800   61
53.9000   76
53.9200   65
53.9400   93
53.9600   88
53.9800   76
54.0000   102
54.0200   93
54.0400   91
54.0600   124
54.0800   121
54.1000   116
54.1200   119
54.1400   119
54.1600   163
54.1800   154
54.2000   146
54.2200   144
54.2400   178
54.2600   164
54.2800   207
54.3000   224
54.3200   242
54.3400   245
54.3600   237
54.3800   217
54.4000   290
54.4200   288
54.4400   324
54.4600   303
54.4800   338
54.5000   354
54.5200   355
54.5400   354
54.5600   349
54.5800   351
54.6000   355
54.6200   326
54.6400   338
54.6600   333
54.6800   290
54.7000   304
54.7200   266
54.7400   263
54.7600   218
54.7800   198
54.8000   203
54.8200   161
54.8400   142
54.8600   147
54.8800   101
54.9000   123
54.9200   100
54.9400   78
54.9600   87
54.9800   80
55.0000   51
55.0200   39
55.0400   40
55.0600   54
55.0800   48
55.1000   56
55.1200   45
55.1400   47
55.1600   33
55.1800   36
55.2000   44
55.2200   36
55.2400   32
55.2600   26
55.2800   27
55.3000   46
55.3200   36
55.3400   31
55.3600   43
55.3800   26
55.4000   19
55.4200   25
55.4400   29
55.4600   32
55.4800   31
55.5000   41
55.5200   29
55.5400   23
55.5600   31
55.5800   26
55.6000   21
55.6200   22
55.6400   32
55.6600   26
55.6800   27
55.7000   22
55.7200   27
55.7400   24
55.7600   28
55.7800   29
55.8000   28
55.8200   30
55.8400   21
55.8600   35
55.8800   20
55.9000   27
55.9200   22
55.9400   19
55.9600   14
55.9800   31
56.0000   35
56.0200   11
56.0400   18
56.0600   33
56.0800   23
56.1000   28
56.1200   26
56.1400   26
56.1600   25
56.1800   17
56.2000   20
56.2200   35
56.2400   25
56.2600   36
56.2800   21
56.3000   26
56.3200   28
56.3400   15
56.3600   30
56.3800   24
56.4000   28
56.4200   24
56.4400   26
56.4600   28
56.4800   23
56.5000   28
56.5200   25
56.5400   21
56.5600   28
56.5800   24
56.6000   16
56.6200   28
56.6400   23
56.6600   24
56.6800   23
56.7000   31
56.7200   22
56.7400   23
56.7600   31
56.7800   23
56.8000   27
56.8200   22
56.8400   28
56.8600   20
56.8800   24
56.9000   16
56.9200   17
56.9400   25
56.9600   31
56.9800   32
57.0000   27
57.0200   21
57.0400   24
57.0600   22
57.0800   30
57.1000   29
57.1200   29
57.1400   27
57.1600   29
57.1800   23
57.2000   27
57.2200   26
57.2400   33
57.2600   26
57.2800   23
57.3000   28
57.3200   29
57.3400   29
57.3600   22
57.3800   30
57.4000   19
57.4200   19
57.4400   28
57.4600   19
57.4800   31
57.5000   30
57.5200   20
57.5400   27
57.5600   25
57.5800   34
57.6000   18
57.6200   32
57.6400   34
57.6600   30
57.6800   21
57.7000   31
57.7200   34
57.7400   22
57.7600   36
57.7800   25
57.8000   25
57.8200   30
57.8400   23
57.8600   27
57.8800   33
57.9000   35
57.9200   26
57.9400   23
57.9600   23
57.9800   37
58.0000   17
58.0200   26
58.0400   33
58.0600   27
58.0800   26
58.1000   25
58.1200   29
58.1400   31
58.1600   25
58.1800   31
58.2000   26
58.2200   24
58.2400   28
58.2600   27
58.2800   22
58.3000   38
58.3200   26
58.3400   28
58.3600   28
58.3800   38
58.4000   31
58.4200   36
58.4400   32
58.4600   30
58.4800   34
58.5000   24
58.5200   25
58.5400   41
58.5600   33
58.5800   33
58.6000   30
58.6200   31
58.6400   30
58.6600   30
58.6800   44
58.7000   36
58.7200   33
58.7400   31
58.7600   33
58.7800   28
58.8000   32
58.8200   33
58.8400   40
58.8600   33
58.8800   51
58.9000   29
58.9200   42
58.9400   30
58.9600   36
58.9800   39
59.0000   40
59.0200   37
59.0400   35
59.0600   35
59.0800   45
59.1000   36
59.1200   41
59.1400   34
59.1600   34
59.1800   28
59.2000   40
59.2200   40
59.2400   36
59.2600   31
59.2800   30
59.3000   30
59.3200   36
59.3400   46
59.3600   39
59.3800   37
59.4000   29
59.4200   36
59.4400   32
59.4600   36
59.4800   36
59.5000   46
59.5200   25
59.5400   34
59.5600   39
59.5800   46
59.6000   36
59.6200   46
59.6400   43
59.6600   32
59.6800   47
59.7000   37
59.7200   49
59.7400   41
59.7600   43
59.7800   51
59.8000   39
59.8200   40
59.8400   48
59.8600   52
59.8800   44
59.9000   52
59.9200   35
59.9400   48
59.9600   49
59.9800   42
60.0000   36
60.0200   58
60.0400   48
60.0600   36
60.0800   50
60.1000   41
60.1200   50
60.1400   43
60.1600   42
60.1800   45
60.2000   46
60.2200   32
60.2400   39
60.2600   47
60.2800   44
60.3000   30
60.3200   38
60.3400   44
60.3600   48
60.3800   28
60.4000   41
60.4200   36
60.4400   31
60.4600   39
60.4800   33
60.5000   39
60.5200   31
60.5400   37
60.5600   46
60.5800   24
60.6000   34
60.6200   41
60.6400   41
60.6600   26
60.6800   34
60.7000   33
60.7200   41
60.7400   31
60.7600   38
60.7800   26
60.8000   36
60.8200   27
60.8400   45
60.8600   40
60.8800   28
60.9000   40
60.9200   39
60.9400   23
60.9600   40
60.9800   38
61.0000   37
61.0200   35
61.0400   18
61.0600   35
61.0800   24
61.1000   28
61.1200   31
61.1400   20
61.1600   28
61.1800   45
61.2000   27
61.2200   19
61.2400   26
61.2600   28
61.2800   17
61.3000   27
61.3200   36
61.3400   25
61.3600   26
61.3800   22
61.4000   27
61.4200   28
61.4400   20
61.4600   33
61.4800   26
61.5000   22
61.5200   26
61.5400   26
61.5600   24
61.5800   26
61.6000   26
61.6200   19
61.6400   19
61.6600   18
61.6800   21
61.7000   21
61.7200   25
61.7400   26
61.7600   19
61.7800   15
61.8000   25
61.8200   17
61.8400   23
61.8600   25
61.8800   29
61.9000   21
61.9200   25
61.9400   23
61.9600   18
61.9800   22
62.0000   24
62.0200   22
62.0400   32
62.0600   21
62.0800   22
62.1000   28
62.1200   22
62.1400   15
62.1600   15
62.1800   28
62.2000   16
62.2200   17
62.2400   19
62.2600   23
62.2800   17
62.3000   28
62.3200   24
62.3400   25
62.3600   19
62.3800   23
62.4000   31
62.4200   25
62.4400   13
62.4600   25
62.4800   28
62.5000   17
62.5200   21
62.5400   22
62.5600   22
62.5800   19
62.6000   21
62.6200   17
62.6400   16
62.6600   21
62.6800   15
62.7000   22
62.7200   24
62.7400   25
62.7600   18
62.7800   16
62.8000   20
62.8200   22
62.8400   22
62.8600   25
62.8800   26
62.9000   19
62.9200   22
62.9400   12
62.9600   22
62.9800   16
63.0000   24
63.0200   15
63.0400   11
63.0600   17
63.0800   16
63.1000   17
63.1200   26
63.1400   19
63.1600   20
63.1800   20
63.2000   18
63.2200   16
63.2400   20
63.2600   14
63.2800   18
63.3000   17
63.3200   18
63.3400   12
63.3600   21
63.3800   20
63.4000   15
63.4200   20
63.4400   16
63.4600   23
63.4800   15
63.5000   14
63.5200   22
63.5400   18
63.5600   17
63.5800   24
63.6000   15
63.6200   14
63.6400   10
63.6600   17
63.6800   27
63.7000   19
63.7200   18
63.7400   16
63.7600   19
63.7800   17
63.8000   17
63.8200   15
63.8400   18
63.8600   18
63.8800   20
63.9000   16
63.9200   18
63.9400   11
63.9600   23
63.9800   15
64.0000   19
64.0200   16
64.0400   8
64.0600   8
64.0800   16
64.1000   17
64.1200   23
64.1400   10
64.1600   14
64.1800   20
64.2000   18
64.2200   18
64.2400   20
64.2600   13
64.2800   15
64.3000   15
64.3200   17
64.3400   13
64.3600   18
64.3800   11
64.4000   9
64.4200   19
64.4400   15
64.4600   22
64.4800   21
64.5000   15
64.5200   7
64.5400   18
64.5600   15
64.5800   17
64.6000   12
64.6200   12
64.6400   16
64.6600   11
64.6800   18
64.7000   12
64.7200   17
64.7400   15
64.7600   13
64.7800   13
64.8000   14
64.8200   18
64.8400   12
64.8600   13
64.8800   16
64.9000   18
64.9200   19
64.9400   15
64.9600   18
64.9800   17
65.0000   21
65.0200   17
65.0400   17
65.0600   16
65.0800   14
65.1000   18
65.1200   24
65.1400   14
65.1600   18
65.1800   21
65.2000   11
65.2200   21
65.2400   14
65.2600   11
65.2800   10
65.3000   19
65.3200   21
65.3400   16
65.3600   11
65.3800   13
65.4000   12
65.4200   13
65.4400   9
65.4600   16
65.4800   15
65.5000   12
65.5200   7
65.5400   15
65.5600   19
65.5800   19
65.6000   18
65.6200   21
65.6400   13
65.6600   9
65.6800   16
65.7000   20
65.7200   16
65.7400   14
65.7600   24
65.7800   13
65.8000   13
65.8200   19
65.8400   15
65.8600   18
65.8800   16
65.9000   14
65.9200   14
65.9400   11
65.9600   17
65.9800   7
66.0000   16
66.0200   18
66.0400   12
66.0600   12
66.0800   16
66.1000   16
66.1200   19
66.1400   11
66.1600   22
66.1800   17
66.2000   8
66.2200   28
66.2400   12
66.2600   10
66.2800   11
66.3000   4
66.3200   12
66.3400   15
66.3600   12
66.3800   18
66.4000   16
66.4200   27
66.4400   14
66.4600   19
66.4800   15
66.5000   13
66.5200   19
66.5400   14
66.5600   18
66.5800   27
66.6000   15
66.6200   18
66.6400   17
66.6600   11
66.6800   17
66.7000   18
66.7200   12
66.7400   18
66.7600   18
66.7800   13
66.8000   24
66.8200   12
66.8400   16
66.8600   19
66.8800   14
66.9000   16
66.9200   7
66.9400   15
66.9600   17
66.9800   16
67.0000   11
67.0200   10
67.0400   15
67.0600   11
67.0800   11
67.1000   12
67.1200   16
67.1400   11
67.1600   13
67.1800   14
67.2000   15
67.2200   10
67.2400   8
67.2600   9
67.2800   20
67.3000   11
67.3200   20
67.3400   14
67.3600   16
67.3800   11
67.4000   11
67.4200   16
67.4400   12
67.4600   13
67.4800   11
67.5000   17
67.5200   11
67.5400   15
67.5600   19
67.5800   19
67.6000   20
67.6200   13
67.6400   10
67.6600   9
67.6800   9
67.7000   14
67.7200   15
67.7400   13
67.7600   14
67.7800   15
67.8000   14
67.8200   15
67.8400   16
67.8600   14
67.8800   11
67.9000   11
67.9200   12
67.9400   14
67.9600   18
67.9800   15
68.0000   12
68.0200   13
68.0400   18
68.0600   18
68.0800   13
68.1000   14
68.1200   16
68.1400   20
68.1600   14
68.1800   14
68.2000   12
68.2200   12
68.2400   11
68.2600   14
68.2800   16
68.3000   15
68.3200   17
68.3400   21
68.3600   18
68.3800   12
68.4000   11
68.4200   10
68.4400   12
68.4600   14
68.4800   15
68.5000   14
68.5200   19
68.5400   17
68.5600   14
68.5800   14
68.6000   13
68.6200   16
68.6400   14
68.6600   12
68.6800   15
68.7000   9
68.7200   12
68.7400   16
68.7600   11
68.7800   15
68.8000   16
68.8200   12
68.8400   16
68.8600   23
68.8800   9
68.9000   20
68.9200   15
68.9400   19
68.9600   15
68.9800   10
69.0000   13
69.0200   11
69.0400   19
69.0600   15
69.0800   13
69.1000   11
69.1200   15
69.1400   17
69.1600   8
69.1800   16
69.2000   13
69.2200   14
69.2400   19
69.2600   10
69.2800   16
69.3000   15
69.3200   11
69.3400   16
69.3600   13
69.3800   19
69.4000   16
69.4200   23
69.4400   10
69.4600   12
69.4800   15
69.5000   13
69.5200   11
69.5400   14
69.5600   10
69.5800   15
69.6000   17
69.6200   12
69.6400   15
69.6600   19
69.6800   10
69.7000   14
69.7200   6
69.7400   18
69.7600   17
69.7800   11
69.8000   11
69.8200   14
69.8400   13
69.8600   22
69.8800   11
69.9000   17
69.9200   16
69.9400   22
69.9600   15
69.9800   12
70.0000   15
70.0200   11
70.0400   16
70.0600   14
70.0800   13
70.1000   14
70.1200   14
70.1400   8
70.1600   4
70.1800   17
70.2000   10
70.2200   19
70.2400   16
70.2600   11
70.2800   10
70.3000   15
70.3200   15
70.3400   12
70.3600   14
70.3800   18
70.4000   19
70.4200   14
70.4400   13
70.4600   18
70.4800   21
70.5000   14
70.5200   12
70.5400   13
70.5600   15
70.5800   20
70.6000   17
70.6200   18
70.6400   17
70.6600   19
70.6800   15
70.7000   18
70.7200   10
70.7400   11
70.7600   25
70.7800   15
70.8000   13
70.8200   21
70.8400   15
70.8600   17
70.8800   22
70.9000   13
70.9200   12
70.9400   18
70.9600   14
70.9800   20
71.0000   9
71.0200   9
71.0400   13
71.0600   17
71.0800   12
71.1000   10
71.1200   17
71.1400   13
71.1600   24
71.1800   14
71.2000   13
71.2200   13
71.2400   10
71.2600   19
71.2800   11
71.3000   9
71.3200   14
71.3400   16
71.3600   17
71.3800   11
71.4000   16
71.4200   8
71.4400   20
71.4600   12
71.4800   14
71.5000   16
71.5200   20
71.5400   22
71.5600   10
71.5800   11
71.6000   12
71.6200   14
71.6400   14
71.6600   14
71.6800   12
71.7000   13
71.7200   16
71.7400   20
71.7600   18
71.7800   14
71.8000   13
71.8200   12
71.8400   17
71.8600   20
71.8800   17
71.9000   12
71.9200   15
71.9400   13
71.9600   10
71.9800   11
72.0000   12
72.0200   16
72.0400   7
72.0600   16
72.0800   18
72.1000   12
72.1200   10
72.1400   14
72.1600   17
72.1800   23
72.2000   9
72.2200   13
72.2400   16
72.2600   16
72.2800   16
72.3000   14
72.3200   15
72.3400   20
72.3600   11
72.3800   16
72.4000   18
72.4200   10
72.4400   11
72.4600   14
72.4800   12
72.5000   11
72.5200   12
72.5400   8
72.5600   13
72.5800   14
72.6000   13
72.6200   9
72.6400   12
72.6600   19
72.6800   8
72.7000   18
72.7200   13
72.7400   14
72.7600   16
72.7800   12
72.8000   14
72.8200   22
72.8400   15
72.8600   15
72.8800   12
72.9000   14
72.9200   16
72.9400   15
72.9600   10
72.9800   21
73.0000   16
73.0200   18
73.0400   17
73.0600   15
73.0800   14
73.1000   9
73.1200   14
73.1400   16
73.1600   14
73.1800   17
73.2000   11
73.2200   8
73.2400   17
73.2600   15
73.2800   18
73.3000   11
73.3200   8
73.3400   11
73.3600   8
73.3800   16
73.4000   18
73.4200   10
73.4400   11
73.4600   19
73.4800   15
73.5000   17
73.5200   10
73.5400   20
73.5600   13
73.5800   11
73.6000   11
73.6200   14
73.6400   15
73.6600   13
73.6800   12
73.7000   12
73.7200   12
73.7400   17
73.7600   12
73.7800   13
73.8000   12
73.8200   10
73.8400   15
73.8600   11
73.8800   18
73.9000   27
73.9200   15
73.9400   23
73.9600   16
73.9800   11
74.0000   10
74.0200   14
74.0400   12
74.0600   17
74.0800   11
74.1000   16
74.1200   13
74.1400   10
74.1600   10
74.1800   16
74.2000   13
74.2200   7
74.2400   10
74.2600   14
74.2800   9
74.3000   11
74.3200   12
74.3400   18
74.3600   16
74.3800   13
74.4000   16
74.4200   14
74.4400   10
74.4600   14
74.4800   11
74.5000   10
74.5200   7
74.5400   14
74.5600   18
74.5800   10
74.6000   8
74.6200   12
74.6400   18
74.6600   13
74.6800   13
74.7000   10
74.7200   11
74.7400   20
74.7600   16
74.7800   8
74.8000   15
74.8200   15
74.8400   10
74.8600   15
74.8800   17
74.9000   13
74.9200   17
74.9400   9
74.9600   20
74.9800   9
75.0000   13
75.0200   14
75.0400   13
75.0600   15
75.0800   16
75.1000   15
75.1200   14
75.1400   22
75.1600   16
75.1800   10
75.2000   11
75.2200   8
75.2400   17
75.2600   11
75.2800   19
75.3000   14
75.3200   13
75.3400   16
75.3600   13
75.3800   18
75.4000   17
75.4200   13
75.4400   15
75.4600   18
75.4800   10
75.5000   10
75.5200   16
75.5400   11
75.5600   11
75.5800   12
75.6000   16
75.6200   14
75.6400   11
75.6600   22
75.6800   15
75.7000   16
75.7200   14
75.7400   9
75.7600   15
75.7800   17
75.8000   8
75.8200   12
75.8400   13
75.8600   13
75.8800   14
75.9000   16
75.9200   12
75.9400   10
75.9600   15
75.9800   15
76.0000   17
76.0200   25
76.0400   14
76.0600   17
76.0800   23
76.1000   7
76.1200   12
76.1400   18
76.1600   13
76.1800   13
76.2000   14
76.2200   11
76.2400   14
76.2600   8
76.2800   13
76.3000   9
76.3200   10
76.3400   15
76.3600   16
76.3800   15
76.4000   17
76.4200   10
76.4400   12
76.4600   17
76.4800   12
76.5000   25
76.5200   13
76.5400   13
76.5600   13
76.5800   17
76.6000   6
76.6200   20
76.6400   14
76.6600   14
76.6800   12
76.7000   12
76.7200   9
76.7400   18
76.7600   17
76.7800   16
76.8000   17
76.8200   16
76.8400   8
76.8600   20
76.8800   23
76.9000   16
76.9200   12
76.9400   17
76.9600   18
76.9800   25
77.0000   23
77.0200   20
77.0400   17
77.0600   26
77.0800   21
77.1000   40
77.1200   28
77.1400   37
77.1600   27
77.1800   36
77.2000   33
77.2200   36
77.2400   45
77.2600   41
77.2800   61
77.3000   58
77.3200   65
77.3400   74
77.3600   83
77.3800   78
77.4000   86
77.4200   111
77.4400   97
77.4600   115
77.4800   133
77.5000   123
77.5200   156
77.5400   154
77.5600   141
77.5800   136
77.6000   137
77.6200   153
77.6400   140
77.6600   95
77.6800   87
77.7000   113
77.7200   100
77.7400   108
77.7600   82
77.7800   110
77.8000   90
77.8200   74
77.8400   87
77.8600   56
77.8800   60
77.9000   64
77.9200   45
77.9400   42
77.9600   33
77.9800   35
78.0000   39
78.0200   36
78.0400   41
78.0600   43
78.0800   27
78.1000   33
78.1200   40
78.1400   29
78.1600   16
78.1800   33
78.2000   19
78.2200   24
78.2400   18
78.2600   23
78.2800   20
78.3000   13
78.3200   28
78.3400   31
78.3600   21
78.3800   22
78.4000   20
78.4200   22
78.4400   21
78.4600   13
78.4800   23
78.5000   11
78.5200   11
78.5400   16
78.5600   25
78.5800   15
78.6000   17
78.6200   15
78.6400   10
78.6600   21
78.6800   11
78.7000   20
78.7200   15
78.7400   16
78.7600   22
78.7800   10
78.8000   17
78.8200   18
78.8400   16
78.8600   27
78.8800   15
78.9000   17
78.9200   18
78.9400   21
78.9600   23
78.9800   15
79.0000   18
79.0200   15
79.0400   19
79.0600   13
79.0800   13
79.1000   9
79.1200   17
79.1400   27
79.1600   14
79.1800   14
79.2000   13
79.2200   17
79.2400   19
79.2600   18
79.2800   20
79.3000   17
79.3200   15
79.3400   7
79.3600   11
79.3800   13
79.4000   11
79.4200   15
79.4400   18
79.4600   17
79.4800   18
79.5000   19
79.5200   17
79.5400   17
79.5600   19
79.5800   21
79.6000   14
79.6200   14
79.6400   16
79.6600   20
79.6800   15
79.7000   22
79.7200   13
79.7400   12
79.7600   14
79.7800   13
79.8000   12
79.8200   13
79.8400   8
79.8600   27
79.8800   20
79.9000   19
79.9200   19
79.9400   19
79.9600   20
79.9800   17
80.0000   17
80.0200   23
80.0400   15
80.0600   16
80.0800   22
80.1000   15
80.1200   13
80.1400   7
80.1600   14
80.1800   10
80.2000   21
80.2200   18
80.2400   23
80.2600   15
80.2800   14
80.3000   19
80.3200   18
80.3400   28
80.3600   23
80.3800   21
80.4000   21
80.4200   13
80.4400   15
80.4600   23
80.4800   11
80.5000   19
80.5200   14
80.5400   15
80.5600   17
80.5800   20
80.6000   16
80.6200   27
80.6400   24
80.6600   15
80.6800   20
80.7000   33
80.7200   14
80.7400   18
80.7600   22
80.7800   12
80.8000   14
80.8200   14
80.8400   16
80.8600   16
80.8800   15
80.9000   15
80.9200   23
80.9400   18
80.9600   28
80.9800   27
81.0000   23
81.0200   23
81.0400   10
81.0600   19
81.0800   18
81.1000   12
81.1200   17
81.1400   21
81.1600   7
81.1800   26
81.2000   17
81.2200   29
81.2400   23
81.2600   21
81.2800   28
81.3000   29
81.3200   17
81.3400   18
81.3600   18
81.3800   17
81.4000   16
81.4200   28
81.4400   26
81.4600   26
81.4800   14
81.5000   13
81.5200   21
81.5400   20
81.5600   26
81.5800   20
81.6000   13
81.6200   21
81.6400   27
81.6600   13
81.6800   20
81.7000   20
81.7200   20
81.7400   16
81.7600   20
81.7800   20
81.8000   28
81.8200   27
81.8400   27
81.8600   15
81.8800   14
81.9000   29
81.9200   23
81.9400   16
81.9600   30
81.9800   26
82.0000   23
82.0200   21
82.0400   15
82.0600   26
82.0800   29
82.1000   26
82.1200   23
82.1400   25
82.1600   23
82.1800   23
82.2000   35
82.2200   28
82.2400   26
82.2600   32
82.2800   30
82.3000   40
82.3200   32
82.3400   47
82.3600   42
82.3800   29
82.4000   35
82.4200   37
82.4400   38
82.4600   35
82.4800   37
82.5000   36
82.5200   39
82.5400   43
82.5600   46
82.5800   55
82.6000   45
82.6200   32
82.6400   35
82.6600   24
82.6800   47
82.7000   34
82.7200   35
82.7400   37
82.7600   44
82.7800   47
82.8000   49
82.8200   39
82.8400   39
82.8600   34
82.8800   48
82.9000   43
82.9200   58
82.9400   55
82.9600   54
82.9800   57
83.0000   55
83.0200   51
83.0400   51
83.0600   50
83.0800   46
83.1000   64
83.1200   48
83.1400   54
83.1600   59
83.1800   62
83.2000   48
83.2200   63
83.2400   65
83.2600   61
83.2800   72
83.3000   61
83.3200   92
83.3400   81
83.3600   63
83.3800   69
83.4000   85
83.4200   85
83.4400   73
83.4600   93
83.4800   91
83.5000   101
83.5200   99
83.5400   71
83.5600   107
83.5800   88
83.6000   78
83.6200   91
83.6400   76
83.6600   83
83.6800   83
83.7000   91
83.7200   94
83.7400   91
83.7600   86
83.7800   91
83.8000   92
83.8200   88
83.8400   82
83.8600   98
83.8800   72
83.9000   75
83.9200   72
83.9400   70
83.9600   78
83.9800   70
84.0000   63
84.0200   65
84.0400   59
84.0600   70
84.0800   76
84.1000   67
84.1200   56
84.1400   61
84.1600   54
84.1800   46
84.2000   55
84.2200   56
84.2400   51
84.2600   43
84.2800   53
84.3000   47
84.3200   50
84.3400   47
84.3600   55
84.3800   40
84.4000   45
84.4200   43
84.4400   55
84.4600   39
84.4800   47
84.5000   48
84.5200   41
84.5400   45
84.5600   36
84.5800   43
84.6000   31
84.6200   46
84.6400   30
84.6600   48
84.6800   28
84.7000   39
84.7200   31
84.7400   35
84.7600   37
84.7800   32
84.8000   38
84.8200   35
84.8400   28
84.8600   38
84.8800   30
84.9000   35
84.9200   35
84.9400   31
84.9600   33
84.9800   44
85.0000   32
85.0200   41
85.0400   37
85.0600   32
85.0800   23
85.1000   27
85.1200   34
85.1400   25
85.1600   30
85.1800   20
85.2000   32
85.2200   25
85.2400   31
85.2600   32
85.2800   26
85.3000   25
85.3200   19
85.3400   32
85.3600   31
85.3800   21
85.4000   34
85.4200   36
85.4400   33
85.4600   30
85.4800   24
85.5000   38
85.5200   21
85.5400   20
85.5600   27
85.5800   28
85.6000   31
85.6200   30
85.6400   22
85.6600   34
85.6800   30
85.7000   30
85.7200   26
85.7400   34
85.7600   29
85.7800   31
85.8000   36
85.8200   21
85.8400   29
85.8600   29
85.8800   18
85.9000   22
85.9200   34
85.9400   30
85.9600   31
85.9800   21
86.0000   31
86.0200   26
86.0400   23
86.0600   27
86.0800   34
86.1000   41
86.1200   38
86.1400   33
86.1600   33
86.1800   31
86.2000   35
86.2200   42
86.2400   25
86.2600   32
86.2800   38
86.3000   33
86.3200   29
86.3400   36
86.3600   34
86.3800   44
86.4000   32
86.4200   38
86.4400   45
86.4600   44
86.4800   37
86.5000   40
86.5200   44
86.5400   45
86.5600   48
86.5800   47
86.6000   51
86.6200   46
86.6400   40
86.6600   36
86.6800   55
86.7000   33
86.7200   37
86.7400   65
86.7600   50
86.7800   40
86.8000   54
86.8200   50
86.8400   45
86.8600   42
86.8800   40
86.9000   52
86.9200   65
86.9400   58
86.9600   50
86.9800   50
87.0000   48
87.0200   39
87.0400   40
87.0600   29
87.0800   32
87.1000   44
87.1200   38
87.1400   34
87.1600   34
87.1800   45
87.2000   26
87.2200   30
87.2400   46
87.2600   31
87.2800   24
87.3000   27
87.3200   38
87.3400   32
87.3600   29
87.3800   33
87.4000   33
87.4200   21
87.4400   23
87.4600   16
87.4800   18
87.5000   29
87.5200   20
87.5400   21
87.5600   30
87.5800   30
87.6000   20
87.6200   17
87.6400   17
87.6600   26
87.6800   19
87.7000   19
87.7200   19
87.7400   20
87.7600   21
87.7800   17
87.8000   13
87.8200   16
87.8400   11
87.8600   17
87.8800   23
87.9000   25
87.9200   15
87.9400   18
87.9600   15
87.9800   7
88.0000   20
88.0200   20
88.0400   18
88.0600   12
88.0800   14
88.1000   14
88.1200   15
88.1400   23
88.1600   26
88.1800   9
88.2000   22
88.2200   12
88.2400   19
88.2600   19
88.2800   12
88.3000   24
88.3200   20
88.3400   16
88.3600   17
88.3800   18
88.4000   16
88.4200   13
88.4400   8
88.4600   16
88.4800   15
88.5000   18
88.5200   16
88.5400   19
88.5600   9
88.5800   11
88.6000   16
88.6200   16
88.6400   13
88.6600   23
88.6800   15
88.7000   20
88.7200   14
88.7400   22
88.7600   17
88.7800   11
88.8000   11
88.8200   10
88.8400   17
88.8600   13
88.8800   15
88.9000   17
88.9200   18
88.9400   13
88.9600   20
88.9800   12
89.0000   12
89.0200   8
89.0400   13
89.0600   16
89.0800   14
89.1000   10
89.1200   11
89.1400   15
89.1600   19
89.1800   17
89.2000   12
89.2200   16
89.2400   15
89.2600   20
89.2800   14
89.3000   16
89.3200   13
89.3400   9
89.3600   15
89.3800   12
89.4000   15
89.4200   19
89.4400   19
89.4600   14
89.4800   13
89.5000   4
89.5200   18
89.5400   16
89.5600   13
89.5800   13
89.6000   16
89.6200   12
89.6400   16
89.6600   7
89.6800   19
89.7000   10
89.7200   12
89.7400   17
89.7600   12
89.7800   15
89.8000   15
89.8200   18
89.8400   14
89.8600   19
89.8800   18
89.9000   15
89.9200   9
89.9400   17
89.9600   12
89.9800   10
90.0000   7
90.0200   8
90.0400   10
90.0600   18
90.0800   6
90.1000   17
90.1200   14
90.1400   14
90.1600   13
90.1800   15
90.2000   10
90.2200   15
90.2400   11
90.2600   8
90.2800   12
90.3000   13
90.3200   15
90.3400   11
90.3600   8
90.3800   16
90.4000   6
90.4200   17
90.4400   15
90.4600   14
90.4800   10
90.5000   8
90.5200   20
90.5400   9
90.5600   12
90.5800   12
90.6000   11
90.6200   16
90.6400   14
90.6600   14
90.6800   14
90.7000   9
90.7200   19
90.7400   14
90.7600   12
90.7800   10
90.8000   9
90.8200   11
90.8400   11
90.8600   13
90.8800   10
90.9000   13
90.9200   12
90.9400   14
90.9600   9
90.9800   13
91.0000   18
91.0200   14
91.0400   19
91.0600   9
91.0800   6
91.1000   8
91.1200   13
91.1400   8
91.1600   15
91.1800   11
91.2000   13
91.2200   12
91.2400   15
91.2600   12
91.2800   18
91.3000   12
91.3200   15
91.3400   19
91.3600   18
91.3800   12
91.4000   16
91.4200   12
91.4400   15
91.4600   11
91.4800   8
91.5000   12
91.5200   19
91.5400   8
91.5600   14
91.5800   12
91.6000   12
91.6200   13
91.6400   16
91.6600   11
91.6800   10
91.7000   10
91.7200   10
91.7400   12
91.7600   19
91.7800   3
91.8000   16
91.8200   15
91.8400   11
91.8600   6
91.8800   7
91.9000   19
91.9200   14
91.9400   18
91.9600   4
91.9800   10
92.0000   12
92.0200   13
92.0400   11
92.0600   12
92.0800   9
92.1000   14
92.1200   17
92.1400   8
92.1600   17
92.1800   8
92.2000   8
92.2200   10
92.2400   20
92.2600   11
92.2800   13
92.3000   9
92.3200   10
92.3400   15
92.3600   20
92.3800   14
92.4000   18
92.4200   14
92.4400   11
92.4600   16
92.4800   16
92.5000   12
92.5200   12
92.5400   16
92.5600   18
92.5800   17
92.6000   13
92.6200   16
92.6400   15
92.6600   19
92.6800   17
92.7000   13
92.7200   13
92.7400   16
92.7600   15
92.7800   16
92.8000   18
92.8200   20
92.8400   19
92.8600   15
92.8800   22
92.9000   15
92.9200   10
92.9400   12
92.9600   20
92.9800   25
93.0000   13
93.0200   14
93.0400   16
93.0600   17
93.0800   18
93.1000   15
93.1200   19
93.1400   18
93.1600   29
93.1800   14
93.2000   16
93.2200   10
93.2400   19
93.2600   13
93.2800   16
93.3000   15
93.3200   14
93.3400   13
93.3600   16
93.3800   18
93.4000   15
93.4200   22
93.4400   18
93.4600   20
93.4800   20
93.5000   14
93.5200   20
93.5400   18
93.5600   19
93.5800   17
93.6000   17
93.6200   25
93.6400   19
93.6600   8
93.6800   19
93.7000   11
93.7200   22
93.7400   17
93.7600   23
93.7800   19
93.8000   15
93.8200   23
93.8400   16
93.8600   12
93.8800   16
93.9000   15
93.9200   28
93.9400   25
93.9600   24
93.9800   17
94.0000   29
94.0200   14
94.0400   16
94.0600   23
94.0800   24
94.1000   26
94.1200   20
94.1400   23
94.1600   15
94.1800   22
94.2000   26
94.2200   21
94.2400   18
94.2600   18
94.2800   22
94.3000   20
94.3200   17
94.3400   12
94.3600   19
94.3800   21
94.4000   31
94.4200   21
94.4400   26
94.4600   14
94.4800   20
94.5000   15
94.5200   18
94.5400   11
94.5600   15
94.5800   21
94.6000   15
94.6200   17
94.6400   19
94.6600   17
94.6800   17
94.7000   21
94.7200   19
94.7400   19
94.7600   18
94.7800   23
94.8000   13
94.8200   18
94.8400   14
94.8600   11
94.8800   20
94.9000   15
94.9200   17
94.9400   18
94.9600   15
94.9800   11
95.0000   4
95.0200   12
95.0400   14
95.0600   14
95.0800   20
95.1000   14
95.1200   15
95.1400   12
95.1600   14
95.1800   15
95.2000   14
95.2200   13
95.2400   14
95.2600   11
95.2800   10
95.3000   14
95.3200   14
95.3400   21
95.3600   9
95.3800   15
95.4000   17
95.4200   10
95.4400   14
95.4600   9
95.4800   19
95.5000   16
95.5200   19
95.5400   10
95.5600   11
95.5800   11
95.6000   9
95.6200   8
95.6400   16
95.6600   15
95.6800   8
95.7000   12
95.7200   15
95.7400   12
95.7600   18
95.7800   22
95.8000   16
95.8200   13
95.8400   16
95.8600   12
95.8800   14
95.9000   7
95.9200   10
95.9400   16
95.9600   19
95.9800   18
96.0000   16
96.0200   16
96.0400   12
96.0600   10
96.0800   13
96.1000   18
96.1200   12
96.1400   15
96.1600   8
96.1800   13
96.2000   10
96.2200   12
96.2400   6
96.2600   16
96.2800   9
96.3000   18
96.3200   12
96.3400   21
96.3600   9
96.3800   19
96.4000   11
96.4200   14
96.4400   17
96.4600   14
96.4800   12
96.5000   15
96.5200   11
96.5400   16
96.5600   9
96.5800   12
96.6000   9
96.6200   15
96.6400   17
96.6600   12
96.6800   9
96.7000   14
96.7200   14
96.7400   12
96.7600   10
96.7800   13
96.8000   16
96.8200   13
96.8400   11
96.8600   20
96.8800   13
96.9000   14
96.9200   14
96.9400   15
96.9600   13
96.9800   14
97.0000   15
97.0200   10
97.0400   8
97.0600   9
97.0800   13
97.1000   23
97.1200   17
97.1400   13
97.1600   14
97.1800   10
97.2000   10
97.2200   17
97.2400   16
97.2600   12
97.2800   15
97.3000   17
97.3200   11
97.3400   14
97.3600   16
97.3800   18
97.4000   18
97.4200   19
97.4400   25
97.4600   18
97.4800   18
97.5000   7
97.5200   18
97.5400   11
97.5600   14
97.5800   16
97.6000   22
97.6200   12
97.6400   12
97.6600   7
97.6800   17
97.7000   11
97.7200   11
97.7400   13
97.7600   16
97.7800   11
97.8000   17
97.8200   12
97.8400   9
97.8600   10
97.8800   11
97.9000   10
97.9200   18
97.9400   12
97.9600   15
97.9800   12
98.0000   17
98.0200   17
98.0400   16
98.0600   20
98.0800   15
98.1000   18
98.1200   15
98.1400   12
98.1600   12
98.1800   15
98.2000   12
98.2200   12
98.2400   20
98.2600   19
98.2800   21
98.3000   17
98.3200   15
98.3400   19
98.3600   17
98.3800   18
98.4000   22
98.4200   18
98.4400   14
98.4600   15
98.4800   18
98.5000   21
98.5200   18
98.5400   10
98.5600   14
98.5800   11
98.6000   25
98.6200   18
98.6400   16
98.6600   20
98.6800   16
98.7000   23
98.7200   14
98.7400   17
98.7600   23
98.7800   9
98.8000   21
98.8200   17
98.8400   14
98.8600   16
98.8800   19
98.9000   18
98.9200   15
98.9400   21
98.9600   16
98.9800   10
99.0000   16
99.0200   9
99.0400   24
99.0600   12
99.0800   20
99.1000   13
99.1200   6
99.1400   17
99.1600   21
99.1800   28
99.2000   19
99.2200   9
99.2400   18
99.2600   23
99.2800   17
99.3000   18
99.3200   19
99.3400   18
99.3600   12
99.3800   17
99.4000   16
99.4200   12
99.4400   22
99.4600   17
99.4800   19
99.5000   20
99.5200   20
99.5400   19
99.5600   20
99.5800   20
99.6000   13
99.6200   11
99.6400   17
99.6600   17
99.6800   15
99.7000   32
99.7200   19
99.7400   15
99.7600   19
99.7800   24
99.8000   25
99.8200   27
99.8400   24
99.8600   17
99.8800   27
99.9000   20
99.9200   20
99.9400   19
99.9600   24
99.9800   32
100.0000   27
100.0200   9
100.0400   18
100.0600   22
100.0800   23
100.1000   29
100.1200   15
100.1400   25
100.1600   14
100.1800   22
100.2000   21
100.2200   24
100.2400   19
100.2600   22
100.2800   29
100.3000   30
100.3200   20
100.3400   19
100.3600   17
100.3800   22
100.4000   29
100.4200   23
100.4400   27
100.4600   26
100.4800   19
100.5000   25
100.5200   27
100.5400   32
100.5600   23
100.5800   31
100.6000   19
100.6200   30
100.6400   21
100.6600   19
100.6800   35
100.7000   27
100.7200   30
100.7400   35
100.7600   23
100.7800   23
100.8000   32
100.8200   24
100.8400   26
100.8600   40
100.8800   34
100.9000   33
100.9200   31
100.9400   25
100.9600   24
100.9800   36
101.0000   34
101.0200   39
101.0400   28
101.0600   35
101.0800   33
101.1000   27
101.1200   36
101.1400   38
101.1600   18
101.1800   30
101.2000   35
101.2200   34
101.2400   25
101.2600   29
101.2800   35
101.3000   42
101.3200   30
101.3400   37
101.3600   28
101.3800   38
101.4000   51
101.4200   39
101.4400   39
101.4600   46
101.4800   53
101.5000   42
101.5200   34
101.5400   37
101.5600   51
101.5800   39
101.6000   40
101.6200   36
101.6400   54
101.6600   47
101.6800   44
101.7000   41
101.7200   49
101.7400   45
101.7600   62
101.7800   41
101.8000   44
101.8200   56
101.8400   45
101.8600   47
101.8800   57
101.9000   42
101.9200   46
101.9400   40
101.9600   41
101.9800   51
102.0000   48
102.0200   53
102.0400   56
102.0600   41
102.0800   45
102.1000   41
102.1200   48
102.1400   42
102.1600   44
102.1800   42
102.2000   57
102.2200   34
102.2400   37
102.2600   41
102.2800   36
102.3000   47
102.3200   52
102.3400   40
102.3600   40
102.3800   31
102.4000   35
102.4200   45
102.4400   40
102.4600   32
102.4800   44
102.5000   38
102.5200   42
102.5400   33
102.5600   30
102.5800   31
102.6000   22
102.6200   36
102.6400   39
102.6600   36
102.6800   33
102.7000   42
102.7200   26
102.7400   23
102.7600   34
102.7800   43
102.8000   39
102.8200   41
102.8400   25
102.8600   27
102.8800   31
102.9000   32
102.9200   31
102.9400   32
102.9600   35
102.9800   30
103.0000   25
103.0200   24
103.0400   30
103.0600   29
103.0800   32
103.1000   20
103.1200   19
103.1400   22
103.1600   27
103.1800   18
103.2000   20
103.2200   20
103.2400   29
103.2600   22
103.2800   17
103.3000   23
103.3200   21
103.3400   34
103.3600   21
103.3800   25
103.4000   28
103.4200   28
103.4400   27
103.4600   28
103.4800   25
103.5000   21
103.5200   26
103.5400   13
103.5600   27
103.5800   23
103.6000   28
103.6200   20
103.6400   18
103.6600   19
103.6800   15
103.7000   20
103.7200   21
103.7400   25
103.7600   14
103.7800   15
103.8000   21
103.8200   19
103.8400   22
103.8600   18
103.8800   13
103.9000   17
103.9200   25
103.9400   20
103.9600   14
103.9800   14
104.0000   25
104.0200   21
104.0400   13
104.0600   20
104.0800   24
104.1000   19
104.1200   21
104.1400   14
104.1600   20
104.1800   27
104.2000   13
104.2200   17
104.2400   13
104.2600   18
104.2800   20
104.3000   17
104.3200   21
104.3400   15
104.3600   13
104.3800   16
104.4000   18
104.4200   14
104.4400   21
104.4600   19
104.4800   17
104.5000   24
104.5200   13
104.5400   15
104.5600   19
104.5800   12
104.6000   21
104.6200   13
104.6400   11
104.6600   19
104.6800   15
104.7000   15
104.7200   17
104.7400   16
104.7600   14
104.7800   25
104.8000   18
104.8200   12
104.8400   21
104.8600   23
104.8800   15
104.9000   14
104.9200   20
104.9400   9
104.9600   17
104.9800   13
105.0000   23
105.0200   20
105.0400   9
105.0600   19
105.0800   8
105.1000   13
105.1200   18
105.1400   17
105.1600   17
105.1800   20
105.2000   20
105.2200   16
105.2400   13
105.2600   17
105.2800   21
105.3000   18
105.3200   15
105.3400   13
105.3600   15
105.3800   15
105.4000   17
105.4200   14
105.4400   20
105.4600   13
105.4800   15
105.5000   9
105.5200   18
105.5400   13
105.5600   18
105.5800   14
105.6000   20
105.6200   12
105.6400   15
105.6600   15
105.6800   12
105.7000   9
105.7200   15
105.7400   16
105.7600   18
105.7800   14
105.8000   15
105.8200   16
105.8400   16
105.8600   14
105.8800   15
105.9000   15
105.9200   15
105.9400   18
105.9600   11
105.9800   20
106.0000   13
106.0200   13
106.0400   14
106.0600   13
106.0800   24
106.1000   11
106.1200   15
106.1400   18
106.1600   13
106.1800   21
106.2000   10
106.2200   11
106.2400   14
106.2600   21
106.2800   16
106.3000   13
106.3200   12
106.3400   11
106.3600   7
106.3800   21
106.4000   21
106.4200   15
106.4400   12
106.4600   14
106.4800   11
106.5000   9
106.5200   22
106.5400   10
106.5600   25
106.5800   12
106.6000   10
106.6200   10
106.6400   21
106.6600   16
106.6800   14
106.7000   15
106.7200   20
106.7400   16
106.7600   18
106.7800   16
106.8000   15
106.8200   13
106.8400   16
106.8600   13
106.8800   16
106.9000   18
106.9200   22
106.9400   13
106.9600   9
106.9800   20
107.0000   18
107.0200   13
107.0400   11
107.0600   15
107.0800   11
107.1000   15
107.1200   13
107.1400   24
107.1600   14
107.1800   16
107.2000   14
107.2200   16
107.2400   11
107.2600   14
107.2800   19
107.3000   22
107.3200   12
107.3400   16
107.3600   12
107.3800   13
107.4000   20
107.4200   14
107.4400   17
107.4600   10
107.4800   17
107.5000   21
107.5200   8
107.5400   24
107.5600   13
107.5800   16
107.6000   10
107.6200   10
107.6400   16
107.6600   20
107.6800   19
107.7000   11
107.7200   11
107.7400   13
107.7600   10
107.7800   21
107.8000   9
107.8200   17
107.8400   13
107.8600   15
107.8800   22
107.9000   13
107.9200   7
107.9400   18
107.9600   14
107.9800   16
108.0000   7
108.0200   14
108.0400   16
108.0600   18
108.0800   9
108.1000   11
108.1200   21
108.1400   13
108.1600   12
108.1800   17
108.2000   15
108.2200   10
108.2400   14
108.2600   15
108.2800   17
108.3000   12
108.3200   12
108.3400   12
108.3600   12
108.3800   20
108.4000   11
108.4200   12
108.4400   12
108.4600   15
108.4800   11
108.5000   12
108.5200   14
108.5400   8
108.5600   12
108.5800   13
108.6000   8
108.6200   13
108.6400   11
108.6600   12
108.6800   20
108.7000   16
108.7200   12
108.7400   8
108.7600   15
108.7800   10
108.8000   16
108.8200   18
108.8400   10
108.8600   10
108.8800   4
108.9000   14
108.9200   7
108.9400   15
108.9600   10
108.9800   16
109.0000   16
109.0200   10
109.0400   15
109.0600   18
109.0800   19
109.1000   12
109.1200   11
109.1400   18
109.1600   18
109.1800   15
109.2000   7
109.2200   17
109.2400   17
109.2600   4
109.2800   13
109.3000   14
109.3200   12
109.3400   11
109.3600   15
109.3800   10
109.4000   10
109.4200   12
109.4400   13
109.4600   12
109.4800   11
109.5000   7
109.5200   11
109.5400   12
109.5600   5
109.5800   18
109.6000   9
109.6200   14
109.6400   11
109.6600   14
109.6800   11
109.7000   7
109.7200   13
109.7400   8
109.7600   13
109.7800   11
109.8000   9
109.8200   13
109.8400   9
109.8600   16
109.8800   17
109.9000   14
109.9200   11
109.9400   12
109.9600   15
109.9800   12
110.0000   13
110.0200   8
110.0400   8
110.0600   16
110.0800   15
110.1000   10
110.1200   15
110.1400   14
110.1600   11
110.1800   16
110.2000   8
110.2200   11
110.2400   14
110.2600   12
110.2800   11
110.3000   11
110.3200   12
110.3400   13
110.3600   12
110.3800   4
110.4000   12
110.4200   13
110.4400   8
110.4600   9
110.4800   17
110.5000   12
110.5200   12
110.5400   12
110.5600   7
110.5800   6
110.6000   19
110.6200   11
110.6400   10
110.6600   7
110.6800   14
110.7000   14
110.7200   12
110.7400   14
110.7600   11
110.7800   8
110.8000   17
110.8200   10
110.8400   11
110.8600   15
110.8800   11
110.9000   10
110.9200   11
110.9400   12
110.9600   8
110.9800   22
111.0000   8
111.0200   14
111.0400   14
111.0600   14
111.0800   8
111.1000   16
111.1200   16
111.1400   12
111.1600   18
111.1800   11
111.2000   12
111.2200   16
111.2400   14
111.2600   8
111.2800   14
111.3000   9
111.3200   17
111.3400   17
111.3600   15
111.3800   12
111.4000   11
111.4200   10
111.4400   11
111.4600   7
111.4800   9
111.5000   11
111.5200   9
111.5400   9
111.5600   5
111.5800   8
111.6000   13
111.6200   13
111.6400   10
111.6600   5
111.6800   12
111.7000   13
111.7200   11
111.7400   17
111.7600   9
111.7800   11
111.8000   10
111.8200   10
111.8400   7
111.8600   8
111.8800   13
111.9000   14
111.9200   14
111.9400   13
111.9600   14
111.9800   16
112.0000   15
112.0200   10
112.0400   13
112.0600   16
112.0800   6
112.1000   16
112.1200   9
112.1400   17
112.1600   9
112.1800   13
112.2000   11
112.2200   19
112.2400   14
112.2600   16
112.2800   12
112.3000   8
112.3200   9
112.3400   12
112.3600   10
112.3800   13
112.4000   15
112.4200   8
112.4400   10
112.4600   11
112.4800   11
112.5000   11
112.5200   15
112.5400   10
112.5600   11
112.5800   12
112.6000   12
112.6200   12
112.6400   12
112.6600   10
112.6800   17
112.7000   7
112.7200   10
112.7400   8
112.7600   12
112.7800   15
112.8000   11
112.8200   9
112.8400   4
112.8600   8
112.8800   10
112.9000   12
112.9200   17
112.9400   13
112.9600   14
112.9800   14
113.0000   7
113.0200   11
113.0400   6
113.0600   9
113.0800   16
113.1000   13
113.1200   16
113.1400   6
113.1600   14
113.1800   10
113.2000   8
113.2200   10
113.2400   15
113.2600   7
113.2800   10
113.3000   17
113.3200   12
113.3400   12
113.3600   17
113.3800   12
113.4000   11
113.4200   9
113.4400   12
113.4600   10
113.4800   11
113.5000   8
113.5200   9
113.5400   11
113.5600   11
113.5800   7
113.6000   11
113.6200   13
113.6400   14
113.6600   9
113.6800   10
113.7000   13
113.7200   8
113.7400   16
113.7600   15
113.7800   15
113.8000   15
113.8200   12
113.8400   16
113.8600   9
113.8800   16
113.9000   5
113.9200   11
113.9400   13
113.9600   13
113.9800   20
114.0000   10
114.0200   7
114.0400   14
114.0600   8
114.0800   12
114.1000   16
114.1200   12
114.1400   14
114.1600   14
114.1800   10
114.2000   11
114.2200   9
114.2400   13
114.2600   9
114.2800   10
114.3000   7
114.3200   7
114.3400   12
114.3600   16
114.3800   7
114.4000   5
114.4200   19
114.4400   14
114.4600   13
114.4800   8
114.5000   14
114.5200   10
114.5400   15
114.5600   10
114.5800   7
114.6000   10
114.6200   11
114.6400   13
114.6600   11
114.6800   10
114.7000   9
114.7200   10
114.7400   15
114.7600   11
114.7800   4
114.8000   11
114.8200   12
114.8400   13
114.8600   11
114.8800   19
114.9000   14
114.9200   12
114.9400   12
114.9600   12
114.9800   11
115.0000   9
115.0200   11
115.0400   7
115.0600   5
115.0800   11
115.1000   10
115.1200   8
115.1400   14
115.1600   10
115.1800   14
115.2000   7
115.2200   11
115.2400   6
115.2600   9
115.2800   13
115.3000   15
115.3200   12
115.3400   14
115.3600   13
115.3800   15
115.4000   10
115.4200   11
115.4400   15
115.4600   8
115.4800   11
115.5000   11
115.5200   15
115.5400   11
115.5600   11
115.5800   11
115.6000   22
115.6200   12
115.6400   11
115.6600   12
115.6800   9
115.7000   9
115.7200   12
115.7400   12
115.7600   14
115.7800   10
115.8000   12
115.8200   16
115.8400   12
115.8600   15
115.8800   16
115.9000   10
115.9200   20
115.9400   11
115.9600   19
115.9800   9
116.0000   13
116.0200   10
116.0400   13
116.0600   8
116.0800   7
116.1000   11
116.1200   15
116.1400   13
116.1600   16
116.1800   8
116.2000   12
116.2200   15
116.2400   7
116.2600   8
116.2800   10
116.3000   12
116.3200   7
116.3400   6
116.3600   10
116.3800   11
116.4000   9
116.4200   9
116.4400   20
116.4600   13
116.4800   13
116.5000   13
116.5200   15
116.5400   11
116.5600   9
116.5800   9
116.6000   14
116.6200   15
116.6400   8
116.6600   17
116.6800   12
116.7000   11
116.7200   6
116.7400   11
116.7600   15
116.7800   14
116.8000   14
116.8200   14
116.8400   18
116.8600   18
116.8800   10
116.9000   15
116.9200   17
116.9400   11
116.9600   14
116.9800   18
117.0000   19
117.0200   11
117.0400   17
117.0600   11
117.0800   13
117.1000   9
117.1200   15
117.1400   13
117.1600   13
117.1800   7
117.2000   12
117.2200   4
117.2400   13
117.2600   11
117.2800   16
117.3000   12
117.3200   9
117.3400   11
117.3600   12
117.3800   10
117.4000   16
117.4200   8
117.4400   8
117.4600   12
117.4800   10
117.5000   12
117.5200   14
117.5400   8
117.5600   11
117.5800   13
117.6000   14
117.6200   6
117.6400   13
117.6600   11
117.6800   10
117.7000   13
117.7200   11
117.7400   13
117.7600   18
117.7800   13
117.8000   18
117.8200   16
117.8400   11
117.8600   14
117.8800   10
117.9000   19
117.9200   10
117.9400   15
117.9600   17
117.9800   13
118.0000   13
118.0200   11
118.0400   10
118.0600   11
118.0800   11
118.1000   8
118.1200   13
118.1400   22
118.1600   18
118.1800   15
118.2000   14
118.2200   9
118.2400   10
118.2600   14
118.2800   17
118.3000   10
118.3200   10
118.3400   13
118.3600   11
118.3800   13
118.4000   13
118.4200   13
118.4400   13
118.4600   13
118.4800   14
118.5000   18
118.5200   17
118.5400   13
118.5600   13
118.5800   13
118.6000   11
118.6200   21
118.6400   9
118.6600   13
118.6800   11
118.7000   9
118.7200   16
118.7400   7
118.7600   15
118.7800   16
118.8000   18
118.8200   17
118.8400   6
118.8600   13
118.8800   12
118.9000   12
118.9200   11
118.9400   10
118.9600   13
118.9800   11
119.0000   10
119.0200   8
119.0400   8
119.0600   14
119.0800   10
119.1000   14
119.1200   12
119.1400   13
119.1600   19
119.1800   8
119.2000   15
119.2200   9
119.2400   15
119.2600   11
119.2800   13
119.3000   10
119.3200   16
119.3400   20
119.3600   21
119.3800   11
119.4000   16
119.4200   11
119.4400   10
119.4600   19
119.4800   13
119.5000   14
119.5200   7
119.5400   17
119.5600   16
119.5800   10
119.6000   14
119.6200   9
119.6400   11
119.6600   14
119.6800   12
119.7000   10
119.7200   13
119.7400   12
119.7600   11
119.7800   13
119.8000   14
119.8200   16
119.8400   12
119.8600   15
119.8800   15
119.9000   12
119.9200   3
119.9400   14
119.9600   20
119.9800   9
120.0000   15
120.0200   18
120.0400   14
120.0600   7
120.0800   10
120.1000   18
120.1200   13
120.1400   7
120.1600   8
120.1800   19
120.2000   14
120.2200   9
120.2400   13
120.2600   14
120.2800   10
120.3000   10
120.3200   23
120.3400   18
120.3600   13
120.3800   22
120.4000   10
120.4200   10
120.4400   11
120.4600   13
120.4800   10
120.5000   13
120.5200   12
120.5400   15
120.5600   27
120.5800   14
120.6000   6
120.6200   11
120.6400   15
120.6600   17
120.6800   12
120.7000   10
120.7200   13
120.7400   15
120.7600   16
120.7800   9
120.8000   10
120.8200   16
120.8400   17
120.8600   12
120.8800   15
120.9000   11
120.9200   7
120.9400   10
120.9600   18
120.9800   17
121.0000   14
121.0200   13
121.0400   9
121.0600   9
121.0800   16
121.1000   10
121.1200   20
121.1400   16
121.1600   18
121.1800   15
121.2000   10
121.2200   12
121.2400   16
121.2600   16
121.2800   16
121.3000   9
121.3200   12
121.3400   16
121.3600   12
121.3800   12
121.4000   17
121.4200   13
121.4400   9
121.4600   15
121.4800   18
121.5000   14
121.5200   14
121.5400   13
121.5600   13
121.5800   15
121.6000   11
121.6200   16
121.6400   12
121.6600   10
121.6800   20
121.7000   11
121.7200   15
121.7400   10
121.7600   9
121.7800   10
121.8000   10
121.8200   9
121.8400   12
121.8600   18
121.8800   11
121.9000   15
121.9200   12
121.9400   18
121.9600   14
121.9800   13
122.0000   15
122.0200   13
122.0400   16
122.0600   10
122.0800   11
122.1000   13
122.1200   13
122.1400   15
122.1600   12
122.1800   12
122.2000   7
122.2200   14
122.2400   11
122.2600   18
122.2800   20
122.3000   13
122.3200   13
122.3400   9
122.3600   22
122.3800   14
122.4000   13
122.4200   13
122.4400   17
122.4600   11
122.4800   20
122.5000   10
122.5200   11
122.5400   19
122.5600   23
122.5800   16
122.6000   14
122.6200   21
122.6400   8
122.6600   9
122.6800   18
122.7000   14
122.7200   18
122.7400   17
122.7600   12
122.7800   15
122.8000   12
122.8200   15
122.8400   4
122.8600   16
122.8800   16
122.9000   10
122.9200   17
122.9400   18
122.9600   20
122.9800   14
123.0000   18
123.0200   8
123.0400   7
123.0600   12
123.0800   12
123.1000   13
123.1200   20
123.1400   11
123.1600   19
123.1800   15
123.2000   9
123.2200   9
123.2400   16
123.2600   14
123.2800   15
123.3000   14
123.3200   11
123.3400   8
123.3600   9
123.3800   12
123.4000   9
123.4200   8
123.4400   13
123.4600   21
123.4800   13
123.5000   10
123.5200   9
123.5400   16
123.5600   17
123.5800   16
123.6000   20
123.6200   14
123.6400   11
123.6600   15
123.6800   8
123.7000   28
123.7200   15
123.7400   11
123.7600   12
123.7800   16
123.8000   17
123.8200   12
123.8400   13
123.8600   13
123.8800   15
123.9000   14
123.9200   14
123.9400   15
123.9600   10
123.9800   16
124.0000   12
124.0200   10
124.0400   17
124.0600   26
124.0800   19
124.1000   22
124.1200   12
124.1400   12
124.1600   16
124.1800   13
124.2000   10
124.2200   8
124.2400   11
124.2600   22
124.2800   14
124.3000   20
124.3200   14
124.3400   16
124.3600   10
124.3800   13
124.4000   12
124.4200   11
124.4400   14
124.4600   16
124.4800   9
124.5000   12
124.5200   15
124.5400   17
124.5600   15
124.5800   18
124.6000   13
124.6200   18
124.6400   11
124.6600   13
124.6800   12
124.7000   11
124.7200   17
124.7400   15
124.7600   13
124.7800   19
124.8000   15
124.8200   10
124.8400   24
124.8600   13
124.8800   18
124.9000   16
124.9200   13
124.9400   12
124.9600   17
124.9800   21
125.0000   13
125.0200   20
125.0400   19
125.0600   17
125.0800   16
125.1000   14
125.1200   21
125.1400   22
125.1600   11
125.1800   19
125.2000   15
125.2200   14
125.2400   22
125.2600   11
125.2800   15
125.3000   17
125.3200   14
125.3400   9
125.3600   14
125.3800   15
125.4000   19
125.4200   10
125.4400   11
125.4600   15
125.4800   16
125.5000   12
125.5200   21
125.5400   12
125.5600   10
125.5800   18
125.6000   12
125.6200   11
125.6400   15
125.6600   21
125.6800   17
125.7000   15
125.7200   16
125.7400   16
125.7600   18
125.7800   15
125.8000   16
125.8200   12
125.8400   19
125.8600   14
125.8800   8
125.9000   13
125.9200   17
125.9400   15
125.9600   13
125.9800   12
126.0000   13
126.0200   19
126.0400   17
126.0600   11
126.0800   9
126.1000   8
126.1200   14
126.1400   12
126.1600   11
126.1800   16
126.2000   18
126.2200   15
126.2400   11
126.2600   12
126.2800   16
126.3000   14
126.3200   11
126.3400   13
126.3600   21
126.3800   18
126.4000   11
126.4200   13
126.4400   13
126.4600   12
126.4800   15
126.5000   12
126.5200   10
126.5400   8
126.5600   13
126.5800   12
126.6000   21
126.6200   10
126.6400   21
126.6600   20
126.6800   11
126.7000   13
126.7200   18
126.7400   14
126.7600   12
126.7800   15
126.8000   11
126.8200   12
126.8400   18
126.8600   18
126.8800   15
126.9000   18
126.9200   14
126.9400   17
126.9600   13
126.9800   17
127.0000   7
127.0200   18
127.0400   16
127.0600   19
127.0800   10
127.1000   14
127.1200   21
127.1400   17
127.1600   17
127.1800   13
127.2000   21
127.2200   8
127.2400   14
127.2600   20
127.2800   14
127.3000   11
127.3200   12
127.3400   14
127.3600   17
127.3800   7
127.4000   15
127.4200   13
127.4400   13
127.4600   13
127.4800   22
127.5000   15
127.5200   19
127.5400   15
127.5600   19
127.5800   23
127.6000   18
127.6200   18
127.6400   12
127.6600   16
127.6800   12
127.7000   9
127.7200   19
127.7400   11
127.7600   18
127.7800   19
127.8000   15
127.8200   18
127.8400   16
127.8600   13
127.8800   15
127.9000   14
127.9200   7
127.9400   13
127.9600   14
127.9800   25
128.0000   12
128.0200   15
128.0400   16
128.0600   14
128.0800   18
128.1000   21
128.1200   19
128.1400   14
128.1600   21
128.1800   26
128.2000   17
128.2200   14
128.2400   14
128.2600   8
128.2800   18
128.3000   13
128.3200   18
128.3400   20
128.3600   15
128.3800   9
128.4000   18
128.4200   14
128.4400   12
128.4600   25
128.4800   15
128.5000   13
128.5200   21
128.5400   12
128.5600   10
128.5800   10
128.6000   15
128.6200   17
128.6400   13
128.6600   16
128.6800   28
128.7000   23
128.7200   15
128.7400   18
128.7600   7
128.7800   15
128.8000   15
128.8200   21
128.8400   21
128.8600   19
128.8800   8
128.9000   20
128.9200   14
128.9400   12
128.9600   16
128.9800   15
129.0000   20
129.0200   18
129.0400   12
129.0600   12
129.0800   13
129.1000   17
129.1200   11
129.1400   18
129.1600   20
129.1800   20
129.2000   14
129.2200   15
129.2400   14
129.2600   16
129.2800   27
129.3000   19
129.3200   8
129.3400   14
129.3600   18
129.3800   19
129.4000   16
129.4200   12
129.4400   17
129.4600   15
129.4800   18
129.5000   14
129.5200   19
129.5400   15
129.5600   16
129.5800   14
129.6000   15
129.6200   16
129.6400   27
129.6600   14
129.6800   16
129.7000   15
129.7200   11
129.7400   22
129.7600   16
129.7800   19
129.8000   14
129.8200   16
129.8400   24
129.8600   18
129.8800   20
129.9000   15
129.9200   20
129.9400   14
129.9600   16
129.9800   26
130.0000   17
130.0200   22
130.0400   14
130.0600   14
130.0800   15
130.1000   19
130.1200   15
130.1400   19
130.1600   17
130.1800   14
130.2000   14
130.2200   12
130.2400   14
130.2600   17
130.2800   16
130.3000   24
130.3200   9
130.3400   18
130.3600   19
130.3800   11
130.4000   12
130.4200   23
130.4400   19
130.4600   24
130.4800   22
130.5000   16
130.5200   19
130.5400   17
130.5600   8
130.5800   10
130.6000   19
130.6200   28
130.6400   25
130.6600   18
130.6800   17
130.7000   16
130.7200   16
130.7400   12
130.7600   26
130.7800   21
130.8000   20
130.8200   17
130.8400   19
130.8600   13
130.8800   23
130.9000   22
130.9200   13
130.9400   13
130.9600   12
130.9800   28
131.0000   10
131.0200   18
131.0400   20
131.0600   23
131.0800   21
131.1000   19
131.1200   22
131.1400   21
131.1600   15
131.1800   23
131.2000   14
131.2200   17
131.2400   14
131.2600   26
131.2800   11
131.3000   17
131.3200   20
131.3400   17
131.3600   23
131.3800   20
131.4000   13
131.4200   24
131.4400   28
131.4600   24
131.4800   21
131.5000   30
131.5200   16
131.5400   21
131.5600   18
131.5800   21
131.6000   22
131.6200   12
131.6400   23
131.6600   22
131.6800   28
131.7000   35
131.7200   27
131.7400   21
131.7600   24
131.7800   12
131.8000   16
131.8200   23
131.8400   31
131.8600   20
131.8800   23
131.9000   32
131.9200   27
131.9400   20
131.9600   22
131.9800   33
132.0000   23
132.0200   26
132.0400   27
132.0600   26
132.0800   22
132.1000   28
132.1200   25
132.1400   28
132.1600   22
132.1800   17
132.2000   21
132.2200   30
132.2400   31
132.2600   29
132.2800   31
132.3000   25
132.3200   32
132.3400   29
132.3600   19
132.3800   22
132.4000   25
132.4200   28
132.4400   37
132.4600   34
132.4800   28
132.5000   34
132.5200   35
132.5400   25
132.5600   29
132.5800   24
132.6000   31
132.6200   35
132.6400   33
132.6600   33
132.6800   30
132.7000   28
132.7200   32
132.7400   33
132.7600   41
132.7800   35
132.8000   29
132.8200   34
132.8400   27
132.8600   30
132.8800   30
132.9000   21
132.9200   30
132.9400   32
132.9600   39
132.9800   29
133.0000   31
133.0200   30
133.0400   34
133.0600   20
133.0800   25
133.1000   34
133.1200   20
133.1400   30
133.1600   33
133.1800   32
133.2000   23
133.2200   32
133.2400   25
133.2600   30
133.2800   32
133.3000   27
133.3200   29
133.3400   26
133.3600   31
133.3800   34
133.4000   35
133.4200   29
133.4400   27
133.4600   26
133.4800   22
133.5000   36
133.5200   33
133.5400   29
133.5600   33
133.5800   24
133.6000   37
133.6200   30
133.6400   34
133.6600   26
133.6800   22
133.7000   29
133.7200   22
133.7400   29
133.7600   20
133.7800   29
133.8000   31
133.8200   22
133.8400   25
133.8600   32
133.8800   23
133.9000   28
133.9200   25
133.9400   27
133.9600   38
133.9800   29
134.0000   24
134.0200   39
134.0400   32
134.0600   28
134.0800   39
134.1000   25
134.1200   25
134.1400   19
134.1600   26
134.1800   23
134.2000   25
134.2200   38
134.2400   28
134.2600   21
134.2800   30
134.3000   24
134.3200   18
134.3400   21
134.3600   16
134.3800   20
134.4000   21
134.4200   24
134.4400   22
134.4600   28
134.4800   26
134.5000   23
134.5200   35
134.5400   19
134.5600   28
134.5800   23
134.6000   32
134.6200   25
134.6400   20
134.6600   24
134.6800   32
134.7000   36
134.7200   31
134.7400   31
134.7600   29
134.7800   21
134.8000   26
134.8200   33
134.8400   26
134.8600   32
134.8800   28
134.9000   27
134.9200   19
134.9400   29
134.9600   25
134.9800   37
135.0000   25
135.0200   20
135.0400   28
135.0600   34
135.0800   31
135.1000   19
135.1200   23
135.1400   29
135.1600   28
135.1800   25
135.2000   24
135.2200   31
135.2400   19
135.2600   30
135.2800   41
135.3000   28
135.3200   28
135.3400   24
135.3600   28
135.3800   33
135.4000   31
135.4200   27
135.4400   31
135.4600   36
135.4800   46
135.5000   32
135.5200   29
135.5400   42
135.5600   33
135.5800   28
135.6000   32
135.6200   28
135.6400   38
135.6600   36
135.6800   42
135.7000   38
135.7200   32
135.7400   31
135.7600   35
135.7800   36
135.8000   36
135.8200   30
135.8400   38
135.8600   32
135.8800   28
135.9000   25
135.9200   20
135.9400   27
135.9600   33
135.9800   34
136.0000   28
136.0200   36
136.0400   25
136.0600   41
136.0800   17
136.1000   40
136.1200   30
136.1400   33
136.1600   40
136.1800   28
136.2000   39
136.2200   26
136.2400   25
136.2600   23
136.2800   39
136.3000   30
136.3200   38
136.3400   40
136.3600   34
136.3800   35
136.4000   37
136.4200   34
136.4400   29
136.4600   38
136.4800   25
136.5000   43
136.5200   40
136.5400   37
136.5600   29
136.5800   35
136.6000   33
136.6200   27
136.6400   33
136.6600   35
136.6800   39
136.7000   44
136.7200   36
136.7400   34
136.7600   46
136.7800   41
136.8000   32
136.8200   35
136.8400   37
136.8600   43
136.8800   45
136.9000   44
136.9200   37
136.9400   48
136.9600   37
136.9800   34
137.0000   58
137.0200   33
137.0400   41
137.0600   36
137.0800   31
137.1000   34
137.1200   46
137.1400   46
137.1600   40
137.1800   31
137.2000   36
137.2200   39
137.2400   47
137.2600   38
137.2800   37
137.3000   40
137.3200   42
137.3400   41
137.3600   41
137.3800   45
137.4000   40
137.4200   38
137.4400   33
137.4600   48
137.4800   40
137.5000   34
137.5200   38
137.5400   34
137.5600   41
137.5800   35
137.6000   33
137.6200   33
137.6400   36
137.6600   41
137.6800   42
137.7000   33
137.7200   38
137.7400   33
137.7600   28
137.7800   34
137.8000   35
137.8200   40
137.8400   51
137.8600   34
137.8800   26
137.9000   40
137.9200   45
137.9400   40
137.9600   33
137.9800   32
138.0000   33
138.0200   36
138.0400   32
138.0600   39
138.0800   41
138.1000   33
138.1200   37
138.1400   35
138.1600   33
138.1800   36
138.2000   37
138.2200   35
138.2400   31
138.2600   36
138.2800   32
138.3000   41
138.3200   28
138.3400   36
138.3600   41
138.3800   30
138.4000   26
138.4200   34
138.4400   30
138.4600   26
138.4800   30
138.5000   32
138.5200   32
138.5400   42
138.5600   25
138.5800   25
138.6000   36
138.6200   20
138.6400   34
138.6600   21
138.6800   22
138.7000   29
138.7200   35
138.7400   23
138.7600   24
138.7800   26
138.8000   31
138.8200   32
138.8400   26
138.8600   21
138.8800   22
138.9000   31
138.9200   27
138.9400   30
138.9600   23
138.9800   33
139.0000   33
139.0200   36
139.0400   26
139.0600   20
139.0800   35
139.1000   28
139.1200   25
139.1400   23
139.1600   37
139.1800   19
139.2000   25
139.2200   31
139.2400   21
139.2600   29
139.2800   26
139.3000   23
139.3200   29
139.3400   37
139.3600   27
139.3800   26
139.4000   31
139.4200   22
139.4400   28
139.4600   25
139.4800   20
139.5000   26
139.5200   15
139.5400   24
139.5600   17
139.5800   19
139.6000   28
139.6200   26
139.6400   25
139.6600   22
139.6800   25
139.7000   20
139.7200   22
139.7400   26
139.7600   28
139.7800   12
139.8000   27
139.8200   20
139.8400   25
139.8600   35
139.8800   20
139.9000   19
139.9200   26
139.9400   13
139.9600   22
139.9800   15
140.0000   22
