20.0000   15
20.0200   13
20.0400   19
20.0600   11
20.0800   15
20.1000   26
20.1200   15
20.1400   24
20.1600   25
20.1800   22
20.2000   13
20.2200   17
20.2400   17
20.2600   18
20.2800   23
20.3000   22
20.3200   10
20.3400   23
20.3600   23
20.3800   14
20.4000   22
20.4200   25
20.4400   15
20.4600   17
20.4800   21
20.5000   22
20.5200   26
20.5400   21
20.5600   19
20.5800   21
20.6000   18
20.6200   19
20.6400   10
20.6600   17
20.6800   25
20.7000   19
20.7200   24
20.7400   21
20.7600   24
20.7800   21
20.8000   19
20.8200   19
20.8400   17
20.8600   21
20.8800   20
20.9000   18
20.9200   19
20.9400   14
20.9600   16
20.9800   18
21.0000   19
21.0200   23
21.0400   18
21.0600   14
21.0800   17
21.1000   21
21.1200   19
21.1400   9
21.1600   21
21.1800   14
21.2000   17
21.2200   17
21.2400   14
21.2600   21
21.2800   12
21.3000   13
21.3200   20
21.3400   21
21.3600   13
21.3800   13
21.4000   17
21.4200   19
21.4400   12
21.4600   15
21.4800   13
21.5000   15
21.5200   25
21.5400   11
21.5600   19
21.5800   22
21.6000   19
21.6200   16
21.6400   11
21.6600   26
21.6800   23
21.7000   16
21.7200   23
21.7400   8
21.7600   19
21.7800   18
21.8000   12
21.8200   14
21.8400   14
21.8600   11
21.8800   17
21.9000   18
21.9200   14
21.9400   22
21.9600   14
21.9800   18
22.0000   11
22.0200   16
22.0400   25
22.0600   18
22.0800   15
22.1000   14
22.1200   19
22.1400   19
22.1600   12
22.1800   22
22.2000   18
22.2200   19
22.2400   12
22.2600   22
22.2800   23
22.3000   18
22.3200   19
22.3400   19
22.3600   17
22.3800   11
22.4000   20
22.4200   22
22.4400   16
22.4600   15
22.4800   14
22.5000   15
22.5200   17
22.5400   21
22.5600   16
22.5800   17
22.6000   19
22.6200   14
22.6400   18
22.6600   21
22.6800   10
22.7000   20
22.7200   14
22.7400   18
22.7600   19
22.7800   21
22.8000   13
22.8200   26
22.8400   8
22.8600   15
22.8800   15
22.9000   14
22.9200   16
22.9400   21
22.9600   20
22.9800   21
23.0000   16
23.0200   14
23.0400   16
23.0600   18
23.0800   14
23.1000   15
23.1200   10
23.1400   6
23.1600   23
23.1800   20
23.2000   10
23.2200   14
23.2400   20
23.2600   15
23.2800   7
23.3000   13
23.3200   19
23.3400   14
23.3600   15
23.3800   11
23.4000   15
23.4200   16
23.4400   13
23.4600   18
23.4800   17
23.5000   8
23.5200   13
23.5400   11
23.5600   14
23.5800   13
23.6000   12
23.6200   12
23.6400   11
23.6600   10
23.6800   8
23.7000   14
23.7200   14
23.7400   15
23.7600   15
23.7800   9
23.8000   17
23.8200   16
23.8400   16
23.8600   12
23.8800   15
23.9000   20
23.9200   14
23.9400   5
23.9600   15
23.9800   16
24.0000   12
24.0200   16
24.0400   13
24.0600   15
24.0800   12
24.1000   12
24.1200   11
24.1400   10
24.1600   11
24.1800   9
24.2000   22
24.2200   15
24.2400   16
24.2600   18
24.2800   8
24.3000   13
24.3200   11
24.3400   7
24.3600   6
24.3800   12
24.4000   12
24.4200   12
24.4400   9
24.4600   6
24.4800   10
24.5000   9
24.5200   15
24.5400   13
24.5600   11
24.5800   8
24.6000   9
24.6200   16
24.6400   16
24.6600   11
24.6800   13
24.7000   11
24.7200   11
24.7400   15
24.7600   21
24.7800   18
24.8000   14
24.8200   11
24.8400   14
24.8600   15
24.8800   13
24.9000   16
24.9200   18
24.9400   13
24.9600   16
24.9800   17
25.0000   14
25.0200   17
25.0400   11
25.0600   14
25.0800   8
25.1000   12
25.1200   11
25.1400   10
25.1600   14
25.1800   6
25.2000   10
25.2200   13
25.2400   9
25.2600   8
25.2800   10
25.3000   7
25.3200   9
25.3400   11
25.3600   6
25.3800   14
25.4000   22
25.4200   10
25.4400   8
25.4600   4
25.4800   8
25.5000   12
25.5200   10
25.5400   24
25.5600   12
25.5800   13
25.6000   15
25.6200   10
25.6400   11
25.6600   10
25.6800   10
25.7000   7
25.7200   13
25.7400   10
25.7600   9
25.7800   9
25.8000   8
25.8200   11
25.8400   17
25.8600   12
25.8800   12
25.9000   10
25.9200   14
25.9400   15
25.9600   15
25.9800   11
26.0000   15
26.0200   17
26.0400   7
26.0600   8
26.0800   16
26.1000   13
26.1200   13
26.1400   18
26.1600   9
26.1800   12
26.2000   11
26.2200   9
26.2400   4
26.2600   8
26.2800   15
26.3000   11
26.3200   13
26.3400   11
26.3600   18
26.3800   16
26.4000   19
26.4200   20
26.4400   19
26.4600   19
26.4800   12
26.5000   16
26.5200   16
26.5400   16
26.5600   16
26.5800   18
26.6000   24
26.6200   22
26.6400   19
26.6600   15
26.6800   11
26.7000   10
26.7200   17
26.7400   14
26.7600   9
26.7800   13
26.8000   12
26.8200   10
26.8400   8
26.8600   10
26.8800   10
26.9000   13
26.9200   12
26.9400   11
26.9600   13
26.9800   13
27.0000   8
27.0200   11
27.0400   13
27.0600   13
27.0800   8
27.1000   13
27.1200   10
27.1400   7
27.1600   16
27.1800   15
27.2000   12
27.2200   9
27.2400   7
27.2600   7
27.2800   9
27.3000   13
27.3200   9
27.3400   6
27.3600   7
27.3800   8
27.4000   11
27.4200   8
27.4400   10
27.4600   17
27.4800   11
27.5000   13
27.5200   9
27.5400   14
27.5600   6
27.5800   14
27.6000   12
27.6200   11
27.6400   11
27.6600   14
27.6800   16
27.7000   9
27.7200   13
27.7400   5
27.7600   13
27.7800   15
27.8000   6
27.8200   18
27.8400   14
27.8600   11
27.8800   9
27.9000   16
27.9200   11
27.9400   6
27.9600   13
27.9800   9
28.0000   9
28.0200   8
28.0400   9
28.0600   7
28.0800   7
28.1000   6
28.1200   11
28.1400   5
28.1600   8
28.1800   9
28.2000   7
28.2200   5
28.2400   13
28.2600   10
28.2800   15
28.3000   11
28.3200   12
28.3400   12
28.3600   17
28.3800   11
28.4000   14
28.4200   6
28.4400   11
28.4600   10
28.4800   11
28.5000   7
28.5200   7
28.5400   16
28.5600   15
28.5800   15
28.6000   17
28.6200   6
28.6400   19
28.6600   9
28.6800   19
28.7000   10
28.7200   13
28.7400   8
28.7600   14
28.7800   18
28.8000   19
28.8200   24
28.8400   18
28.8600   16
28.8800   13
28.9000   5
28.9200   11
28.9400   11
28.9600   13
28.9800   8
29.0000   10
29.0200   13
29.0400   5
29.0600   16
29.0800   12
29.1000   18
29.1200   14
29.1400   14
29.1600   14
29.1800   13
29.2000   9
29.2200   18
29.2400   5
29.2600   12
29.2800   13
29.3000   13
29.3200   10
29.3400   6
29.3600   12
29.3800   16
29.4000   5
29.4200   13
29.4400   10
29.4600   9
29.4800   4
29.5000   13
29.5200   9
29.5400   10
29.5600   9
29.5800   6
29.6000   11
29.6200   8
29.6400   6
29.6600   9
29.6800   14
29.7000   7
29.7200   14
29.7400   12
29.7600   8
29.7800   5
29.8000   8
29.8200   12
29.8400   10
29.8600   7
29.8800   7
29.9000   13
29.9200   10
29.9400   4
29.9600   14
29.9800   8
30.0000   9
30.0200   9
30.0400   12
30.0600   12
30.0800   18
30.1000   14
30.1200   10
30.1400   14
30.1600   10
30.1800   16
30.2000   13
30.2200   10
30.2400   4
30.2600   10
30.2800   8
30.3000   15
30.3200   14
30.3400   6
30.3600   13
30.3800   6
30.4000   15
30.4200   10
30.4400   11
30.4600   14
30.4800   11
30.5000   12
30.5200   12
30.5400   9
30.5600   8
30.5800   8
30.6000   9
30.6200   5
30.6400   6
30.6600   12
30.6800   9
30.7000   11
30.7200   9
30.7400   12
30.7600   5
30.7800   7
30.8000   9
30.8200   6
30.8400   9
30.8600   8
30.8800   11
30.9000   15
30.9200   13
30.9400   10
30.9600   15
30.9800   12
31.0000   15
31.0200   8
31.0400   8
31.0600   12
31.0800   13
31.1000   5
31.1200   13
31.1400   12
31.1600   12
31.1800   11
31.2000   8
31.2200   12
31.2400   7
31.2600   8
31.2800   10
31.3000   19
31.3200   13
31.3400   14
31.3600   11
31.3800   12
31.4000   14
31.4200   13
31.4400   16
31.4600   9
31.4800   16
31.5000   17
31.5200   23
31.5400   34
31.5600   49
31.5800   55
31.6000   82
31.6200   63
31.6400   64
31.6600   71
31.6800   91
31.7000   102
31.7200   89
31.7400   75
31.7600   66
31.7800   59
31.8000   51
31.8200   47
31.8400   25
31.8600   22
31.8800   20
31.9000   18
31.9200   8
31.9400   18
31.9600   12
31.9800   16
32.0000   5
32.0200   19
32.0400   8
32.0600   13
32.0800   16
32.1000   7
32.1200   10
32.1400   8
32.1600   13
32.1800   10
32.2000   11
32.2200   12
32.2400   15
32.2600   7
32.2800   15
32.3000   8
32.3200   14
32.3400   14
32.3600   9
32.3800   14
32.4000   7
32.4200   8
32.4400   7
32.4600   16
32.4800   10
32.5000   11
32.5200   11
32.5400   10
32.5600   14
32.5800   17
32.6000   16
32.6200   5
32.6400   16
32.6600   12
32.6800   8
32.7000   7
32.7200   13
32.7400   11
32.7600   10
32.7800   12
32.8000   10
32.8200   16
32.8400   10
32.8600   9
32.8800   12
32.9000   10
32.9200   10
32.9400   14
32.9600   14
32.9800   7
33.0000   11
33.0200   11
33.0400   9
33.0600   11
33.0800   4
33.1000   7
33.1200   7
33.1400   9
33.1600   11
33.1800   12
33.2000   8
33.2200   11
33.2400   11
33.2600   12
33.2800   12
33.3000   13
33.3200   11
33.3400   18
33.3600   12
33.3800   14
33.4000   10
33.4200   7
33.4400   13
33.4600   11
33.4800   9
33.5000   18
33.5200   16
33.5400   12
33.5600   12
33.5800   14
33.6000   6
33.6200   13
33.6400   11
33.6600   7
33.6800   6
33.7000   6
33.7200   13
33.7400   12
33.7600   8
33.7800   16
33.8000   5
33.8200   12
33.8400   11
33.8600   13
33.8800   12
33.9000   13
33.9200   7
33.9400   11
33.9600   10
33.9800   12
34.0000   12
34.0200   14
34.0400   7
34.0600   11
34.0800   14
34.1000   17
34.1200   7
34.1400   9
34.1600   10
34.1800   8
34.2000   13
34.2200   10
34.2400   7
34.2600   13
34.2800   10
34.3000   12
34.3200   17
34.3400   14
34.3600   11
34.3800   12
34.4000   10
34.4200   5
34.4400   8
34.4600   14
34.4800   12
34.5000   9
34.5200   7
34.5400   16
34.5600   16
34.5800   15
34.6000   11
34.6200   10
34.6400   6
34.6600   9
34.6800   9
34.7000   12
34.7200   4
34.7400   7
34.7600   8
34.7800   10
34.8000   10
34.8200   11
34.8400   7
34.8600   9
34.8800   10
34.9000   11
34.9200   17
34.9400   13
34.9600   2
34.9800   13
35.0000   10
35.0200   13
35.0400   12
35.0600   11
35.0800   10
35.1000   14
35.1200   16
35.1400   11
35.1600   9
35.1800   12
35.2000   12
35.2200   10
35.2400   16
35.2600   15
35.2800   11
35.3000   11
35.3200   12
35.3400   7
35.3600   8
35.3800   13
35.4000   7
35.4200   10
35.4400   18
35.4600   7
35.4800   14
35.5000   9
35.5200   9
35.5400   9
35.5600   11
35.5800   9
35.6000   10
35.6200   11
35.6400   7
35.6600   16
35.6800   9
35.7000   21
35.7200   9
35.7400   17
35.7600   4
35.7800   9
35.8000   12
35.8200   12
35.8400   12
35.8600   12
35.8800   5
35.9000   11
35.9200   16
35.9400   15
35.9600   10
35.9800   9
36.0000   14
36.0200   14
36.0400   9
36.0600   11
36.0800   14
36.1000   12
36.1200   13
36.1400   12
36.1600   12
36.1800   11
36.2000   15
36.2200   9
36.2400   12
36.2600   14
36.2800   16
36.3000   5
36.3200   12
36.3400   11
36.3600   16
36.3800   10
36.4000   18
36.4200   15
36.4400   14
36.4600   11
36.4800   15
36.5000   11
36.5200   10
36.5400   10
36.5600   9
36.5800   11
36.6000   12
36.6200   9
36.6400   14
36.6600   8
36.6800   13
36.7000   11
36.7200   9
36.7400   6
36.7600   8
36.7800   4
36.8000   11
36.8200   11
36.8400   12
36.8600   12
36.8800   19
36.9000   12
36.9200   4
36.9400   9
36.9600   5
36.9800   10
37.0000   19
37.0200   10
37.0400   12
37.0600   13
37.0800   8
37.1000   11
37.1200   18
37.1400   17
37.1600   5
37.1800   13
37.2000   12
37.2200   10
37.2400   14
37.2600   11
37.2800   16
37.3000   9
37.3200   10
37.3400   9
37.3600   17
37.3800   11
37.4000   14
37.4200   11
37.4400   12
37.4600   9
37.4800   14
37.5000   7
37.5200   13
37.5400   11
37.5600   13
37.5800   5
37.6000   11
37.6200   11
37.6400   9
37.6600   8
37.6800   13
37.7000   8
37.7200   11
37.7400   11
37.7600   12
37.7800   10
37.8000   16
37.8200   10
37.8400   6
37.8600   15
37.8800   11
37.9000   11
37.9200   12
37.9400   8
37.9600   8
37.9800   9
38.0000   17
38.0200   6
38.0400   8
38.0600   9
38.0800   14
38.1000   9
38.1200   11
38.1400   11
38.1600   14
38.1800   13
38.2000   9
38.2200   13
38.2400   20
38.2600   5
38.2800   9
38.3000   11
38.3200   7
38.3400   8
38.3600   7
38.3800   10
38.4000   11
38.4200   9
38.4400   12
38.4600   12
38.4800   13
38.5000   11
38.5200   16
38.5400   9
38.5600   12
38.5800   9
38.6000   14
38.6200   12
38.6400   13
38.6600   12
38.6800   17
38.7000   6
38.7200   10
38.7400   11
38.7600   14
38.7800   11
38.8000   17
38.8200   12
38.8400   16
38.8600   8
38.8800   8
38.9000   17
38.9200   11
38.9400   11
38.9600   12
38.9800   7
39.0000   9
39.0200   11
39.0400   11
39.0600   14
39.0800   11
39.1000   14
39.1200   13
39.1400   10
39.1600   3
39.1800   12
39.2000   10
39.2200   7
39.2400   14
39.2600   13
39.2800   19
39.3000   8
39.3200   18
39.3400   12
39.3600   7
39.3800   12
39.4000   8
39.4200   13
39.4400   19
39.4600   9
39.4800   12
39.5000   11
39.5200   13
39.5400   6
39.5600   14
39.5800   14
39.6000   17
39.6200   10
39.6400   16
39.6600   15
39.6800   10
39.7000   6
39.7200   9
39.7400   16
39.7600   11
39.7800   8
39.8000   9
39.8200   11
39.8400   12
39.8600   11
39.8800   6
39.9000   8
39.9200   11
39.9400   9
39.9600   11
39.9800   12
40.0000   6
40.0200   14
40.0400   13
40.0600   14
40.0800   10
40.1000   14
40.1200   11
40.1400   8
40.1600   11
40.1800   7
40.2000   10
40.2200   14
40.2400   12
40.2600   14
40.2800   10
40.3000   10
40.3200   11
40.3400   9
40.3600   18
40.3800   8
40.4000   19
40.4200   17
40.4400   14
40.4600   9
40.4800   8
40.5000   15
40.5200   9
40.5400   10
40.5600   13
40.5800   11
40.6000   9
40.6200   14
40.6400   17
40.6600   9
40.6800   9
40.7000   6
40.7200   13
40.7400   11
40.7600   16
40.7800   15
40.8000   8
40.8200   12
40.8400   13
40.8600   16
40.8800   11
40.9000   16
40.9200   9
40.9400   14
40.9600   11
40.9800   9
41.0000   12
41.0200   7
41.0400   11
41.0600   15
41.0800   9
41.1000   25
41.1200   6
41.1400   14
41.1600   16
41.1800   20
41.2000   12
41.2200   10
41.2400   9
41.2600   9
41.2800   14
41.3000   12
41.3200   12
41.3400   11
41.3600   11
41.3800   10
41.4000   12
41.4200   7
41.4400   15
41.4600   9
41.4800   11
41.5000   17
41.5200   10
41.5400   14
41.5600   14
41.5800   9
41.6000   13
41.6200   14
41.6400   11
41.6600   14
41.6800   15
41.7000   23
41.7200   11
41.7400   13
41.7600   14
41.7800   14
41.8000   16
41.8200   10
41.8400   9
41.8600   13
41.8800   14
41.9000   17
41.9200   13
41.9400   10
41.9600   17
41.9800   10
42.0000   15
42.0200   14
42.0400   16
42.0600   15
42.0800   18
42.1000   16
42.1200   25
42.1400   14
42.1600   20
42.1800   22
42.2000   16
42.2200   20
42.2400   16
42.2600   13
42.2800   18
42.3000   14
42.3200   25
42.3400   17
42.3600   12
42.3800   14
42.4000   22
42.4200   16
42.4400   17
42.4600   26
42.4800   19
42.5000   21
42.5200   28
42.5400   9
42.5600   19
42.5800   18
42.6000   20
42.6200   32
42.6400   19
42.6600   14
42.6800   22
42.7000   24
42.7200   18
42.7400   14
42.7600   18
42.7800   23
42.8000   29
42.8200   17
42.8400   18
42.8600   25
42.8800   33
42.9000   36
42.9200   18
42.9400   31
42.9600   30
42.9800   26
43.0000   34
43.0200   25
43.0400   35
43.0600   23
43.0800   26
43.1000   35
43.1200   35
43.1400   38
43.1600   39
43.1800   40
43.2000   29
43.2200   39
43.2400   35
43.2600   44
43.2800   49
43.3000   46
43.3200   55
43.3400   56
43.3600   45
43.3800   58
43.4000   72
43.4200   88
43.4400   116
43.4600   112
43.4800   163
43.5000   164
43.5200   185
43.5400   226
43.5600   283
43.5800   312
43.6000   425
43.6200   483
43.6400   621
43.6600   733
43.6800   780
43.7000   945
43.7200   1144
43.7400   1319
43.7600   1652
43.7800   1811
43.8000   2152
43.8200   2204
43.8400   2761
43.8600   2876
43.8800   3263
43.9000   3435
43.9200   3579
43.9400   3431
43.9600   2910
43.9800   2552
44.0000   1956
44.0200   1876
44.0400   1579
44.0600   1396
44.0800   1073
44.1000   745
44.1200   427
44.1400   352
44.1600   237
44.1800   190
44.2000   147
44.2200   131
44.2400   91
44.2600   109
44.2800   82
44.3000   90
44.3200   79
44.3400   68
44.3600   64
44.3800   57
44.4000   43
44.4200   54
44.4400   49
44.4600   48
44.4800   51
44.5000   42
44.5200   41
44.5400   29
44.5600   40
44.5800   33
44.6000   38
44.6200   37
44.6400   30
44.6600   32
44.6800   25
44.7000   25
44.7200   25
44.7400   32
44.7600   33
44.7800   27
44.8000   15
44.8200   23
44.8400   33
44.8600   29
44.8800   22
44.9000   28
44.9200   19
44.9400   21
44.9600   19
44.9800   23
45.0000   23
45.0200   22
45.0400   19
45.0600   18
45.0800   18
45.1000   21
45.1200   22
45.1400   20
45.1600   27
45.1800   10
45.2000   16
45.2200   18
45.2400   11
45.2600   15
45.2800   26
45.3000   15
45.3200   14
45.3400   16
45.3600   17
45.3800   27
45.4000   19
45.4200   41
45.4400   55
45.4600   52
45.4800   60
45.5000   37
45.5200   35
45.5400   29
45.5600   29
45.5800   38
45.6000   32
45.6200   35
45.6400   15
45.6600   19
45.6800   10
45.7000   11
45.7200   18
45.7400   9
45.7600   21
45.7800   9
45.8000   23
45.8200   14
45.8400   16
45.8600   18
45.8800   11
45.9000   11
45.9200   17
45.9400   13
45.9600   17
45.9800   14
46.0000   12
46.0200   16
46.0400   17
46.0600   12
46.0800   15
46.1000   15
46.1200   19
46.1400   22
46.1600   13
46.1800   15
46.2000   14
46.2200   11
46.2400   6
46.2600   13
46.2800   9
46.3000   11
46.3200   16
46.3400   14
46.3600   14
46.3800   6
46.4000   9
46.4200   15
46.4400   16
46.4600   12
46.4800   12
46.5000   12
46.5200   11
46.5400   8
46.5600   14
46.5800   12
46.6000   11
46.6200   9
46.6400   16
46.6600   12
46.6800   12
46.7000   15
46.7200   16
46.7400   16
46.7600   14
46.7800   9
46.8000   9
46.8200   12
46.8400   16
46.8600   12
46.8800   18
46.9000   10
46.9200   5
46.9400   10
46.9600   10
46.9800   8
47.0000   14
47.0200   17
47.0400   10
47.0600   19
47.0800   13
47.1000   14
47.1200   9
47.1400   6
47.1600   10
47.1800   13
47.2000   7
47.2200   13
47.2400   19
47.2600   10
47.2800   12
47.3000   13
47.3200   13
47.3400   12
47.3600   13
47.3800   16
47.4000   20
47.4200   13
47.4400   12
47.4600   12
47.4800   9
47.5000   15
47.5200   12
47.5400   12
47.5600   18
47.5800   11
47.6000   20
47.6200   10
47.6400   13
47.6600   18
47.6800   8
47.7000   15
47.7200   16
47.7400   17
47.7600   10
47.7800   19
47.8000   9
47.8200   11
47.8400   13
47.8600   12
47.8800   12
47.9000   21
47.9200   16
47.9400   14
47.9600   11
47.9800   7
48.0000   8
48.0200   8
48.0400   22
48.0600   15
48.0800   9
48.1000   17
48.1200   11
48.1400   12
48.1600   12
48.1800   10
48.2000   13
48.2200   15
48.2400   10
48.2600   18
48.2800   16
48.3000   10
48.3200   18
48.3400   14
48.3600   11
48.3800   9
48.4000   14
48.4200   7
48.4400   10
48.4600   16
48.4800   9
48.5000   13
48.5200   14
48.5400   12
48.5600   13
48.5800   13
48.6000   9
48.6200   11
48.6400   7
48.6600   10
48.6800   12
48.7000   8
48.7200   7
48.7400   15
48.7600   17
48.7800   17
48.8000   11
48.8200   9
48.8400   7
48.8600   7
48.8800   11
48.9000   10
48.9200   14
48.9400   12
48.9600   12
48.9800   17
49.0000   7
49.0200   12
49.0400   9
49.0600   18
49.0800   13
49.1000   19
49.1200   18
49.1400   12
49.1600   11
49.1800   11
49.2000   15
49.2200   12
49.2400   17
49.2600   12
49.2800   12
49.3000   10
49.3200   14
49.3400   7
49.3600   8
49.3800   18
49.4000   12
49.4200   18
49.4400   12
49.4600   15
49.4800   13
49.5000   10
49.5200   11
49.5400   12
49.5600   9
49.5800   15
49.6000   12
49.6200   9
49.6400   12
49.6600   7
49.6800   14
49.7000   12
49.7200   3
49.7400   17
49.7600   13
49.7800   16
49.8000   12
49.8200   12
49.8400   15
49.8600   12
49.8800   10
49.9000   10
49.9200   8
49.9400   15
49.9600   10
49.9800   13
50.0000   9
50.0200   10
50.0400   13
50.0600   14
50.0800   18
50.1000   12
50.1200   6
50.1400   19
50.1600   7
50.1800   10
50.2000   15
50.2200   7
50.2400   11
50.2600   13
50.2800   9
50.3000   8
50.3200   10
50.3400   12
50.3600   10
50.3800   10
50.4000   7
50.4200   12
50.4400   7
50.4600   12
50.4800   16
50.5000   11
50.5200   11
50.5400   14
50.5600   8
50.5800   13
50.6000   14
50.6200   15
50.6400   13
50.6600   19
50.6800   16
50.7000   10
50.7200   10
50.7400   17
50.7600   13
50.7800   11
50.8000   12
50.8200   10
50.8400   11
50.8600   9
50.8800   12
50.9000   6
50.9200   5
50.9400   9
50.9600   14
50.9800   11
51.0000   9
51.0200   10
51.0400   11
51.0600   14
51.0800   12
51.1000   17
51.1200   12
51.1400   13
51.1600   11
51.1800   10
51.2000   8
51.2200   15
51.2400   16
51.2600   12
51.2800   12
51.3000   12
51.3200   12
51.3400   12
51.3600   10
51.3800   16
51.4000   3
51.4200   11
51.4400   11
51.4600   6
51.4800   8
51.5000   11
51.5200   14
51.5400   10
51.5600   7
51.5800   12
51.6000   7
51.6200   10
51.6400   10
51.6600   8
51.6800   15
51.7000   10
51.7200   14
51.7400   11
51.7600   15
51.7800   10
51.8000   13
51.8200   16
51.8400   4
51.8600   5
51.8800   15
51.9000   13
51.9200   8
51.9400   10
51.9600   14
51.9800   7
52.0000   7
52.0200   8
52.0400   13
52.0600   15
52.0800   21
52.1000   16
52.1200   10
52.1400   12
52.1600   11
52.1800   10
52.2000   13
52.2200   6
52.2400   11
52.2600   16
52.2800   9
52.3000   9
52.3200   13
52.3400   6
52.3600   10
52.3800   12
52.4000   11
52.4200   7
52.4400   17
52.4600   11
52.4800   14
52.5000   15
52.5200   7
52.5400   16
52.5600   13
52.5800   9
52.6000   9
52.6200   10
52.6400   10
52.6600   16
52.6800   11
52.7000   14
52.7200   11
52.7400   11
52.7600   6
52.7800   13
52.8000   9
52.8200   9
52.8400   19
52.8600   17
52.8800   9
52.9000   15
52.9200   7
52.9400   16
52.9600   6
52.9800   8
53.0000   16
53.0200   10
53.0400   8
53.0600   11
53.0800   17
53.1000   12
53.1200   8
53.1400   10
53.1600   11
53.1800   12
53.2000   6
53.2200   13
53.2400   12
53.2600   17
53.2800   9
53.3000   12
53.3200   14
53.3400   13
53.3600   16
53.3800   7
53.4000   7
53.4200   11
53.4400   12
53.4600   17
53.4800   13
53.5000   7
53.5200   9
53.5400   8
53.5600   14
53.5800   14
53.6000   13
53.6200   13
53.6400   11
53.6600   15
53.6800   16
53.7000   14
53.7200   14
53.7400   14
53.7600   14
53.7800   13
53.8000   19
53.8200   9
53.8400   12
53.8600   12
53.8800   8
53.9000   15
53.9200   8
53.9400   9
53.9600   13
53.9800   17
54.0000   9
54.0200   12
54.0400   12
54.0600   18
54.0800   12
54.1000   15
54.1200   14
54.1400   8
54.1600   5
54.1800   11
54.2000   11
54.2200   9
54.2400   16
54.2600   12
54.2800   11
54.3000   12
54.3200   12
54.3400   12
54.3600   12
54.3800   9
54.4000   7
54.4200   13
54.4400   10
54.4600   9
54.4800   10
54.5000   24
54.5200   11
54.5400   8
54.5600   16
54.5800   13
54.6000   7
54.6200   13
54.6400   11
54.6600   11
54.6800   12
54.7000   14
54.7200   11
54.7400   14
54.7600   11
54.7800   13
54.8000   8
54.8200   14
54.8400   9
54.8600   11
54.8800   15
54.9000   9
54.9200   10
54.9400   14
54.9600   14
54.9800   10
55.0000   8
55.0200   15
55.0400   8
55.0600   16
55.0800   12
55.1000   13
55.1200   10
55.1400   7
55.1600   13
55.1800   6
55.2000   14
55.2200   11
55.2400   11
55.2600   12
55.2800   14
55.3000   5
55.3200   13
55.3400   14
55.3600   13
55.3800   7
55.4000   15
55.4200   19
55.4400   13
55.4600   17
55.4800   10
55.5000   4
55.5200   10
55.5400   9
55.5600   11
55.5800   9
55.6000   11
55.6200   9
55.6400   15
55.6600   17
55.6800   9
55.7000   19
55.7200   5
55.7400   10
55.7600   11
55.7800   9
55.8000   11
55.8200   6
55.8400   15
55.8600   11
55.8800   15
55.9000   10
55.9200   7
55.9400   19
55.9600   17
55.9800   12
56.0000   10
56.0200   8
56.0400   11
56.0600   8
56.0800   10
56.1000   10
56.1200   8
56.1400   9
56.1600   9
56.1800   13
56.2000   11
56.2200   14
56.2400   15
56.2600   12
56.2800   11
56.3000   19
56.3200   9
56.3400   13
56.3600   12
56.3800   7
56.4000   16
56.4200   8
56.4400   10
56.4600   11
56.4800   12
56.5000   11
56.5200   14
56.5400   14
56.5600   19
56.5800   10
56.6000   7
56.6200   10
56.6400   11
56.6600   12
56.6800   17
56.7000   15
56.7200   11
56.7400   19
56.7600   11
56.7800   8
56.8000   13
56.8200   11
56.8400   12
56.8600   7
56.8800   18
56.9000   6
56.9200   9
56.9400   12
56.9600   14
56.9800   6
57.0000   12
57.0200   11
57.0400   10
57.0600   13
57.0800   13
57.1000   14
57.1200   15
57.1400   8
57.1600   9
57.1800   14
57.2000   7
57.2200   11
57.2400   10
57.2600   6
57.2800   19
57.3000   18
57.3200   12
57.3400   8
57.3600   11
57.3800   12
57.4000   10
57.4200   17
57.4400   9
57.4600   11
57.4800   8
57.5000   12
57.5200   12
57.5400   6
57.5600   12
57.5800   15
57.6000   8
57.6200   12
57.6400   12
57.6600   14
57.6800   10
57.7000   12
57.7200   11
57.7400   9
57.7600   11
57.7800   16
57.8000   17
57.8200   15
57.8400   9
57.8600   15
57.8800   11
57.9000   6
57.9200   6
57.9400   7
57.9600   11
57.9800   10
58.0000   19
58.0200   7
58.0400   9
58.0600   11
58.0800   15
58.1000   8
58.1200   12
58.1400   8
58.1600   11
58.1800   9
58.2000   19
58.2200   12
58.2400   18
58.2600   8
58.2800   8
58.3000   10
58.3200   12
58.3400   10
58.3600   7
58.3800   14
58.4000   12
58.4200   17
58.4400   14
58.4600   9
58.4800   8
58.5000   19
58.5200   6
58.5400   14
58.5600   11
58.5800   13
58.6000   8
58.6200   10
58.6400   7
58.6600   8
58.6800   9
58.7000   17
58.7200   9
58.7400   10
58.7600   13
58.7800   11
58.8000   12
58.8200   4
58.8400   11
58.8600   8
58.8800   13
58.9000   6
58.9200   8
58.9400   14
58.9600   8
58.9800   11
59.0000   15
59.0200   11
59.0400   12
59.0600   14
59.0800   11
59.1000   18
59.1200   11
59.1400   15
59.1600   9
59.1800   7
59.2000   13
59.2200   13
59.2400   12
59.2600   9
59.2800   10
59.3000   11
59.3200   13
59.3400   11
59.3600   9
59.3800   8
59.4000   6
59.4200   12
59.4400   13
59.4600   8
59.4800   5
59.5000   9
59.5200   12
59.5400   12
59.5600   8
59.5800   10
59.6000   6
59.6200   9
59.6400   14
59.6600   13
59.6800   12
59.7000   4
59.7200   14
59.7400   18
59.7600   14
59.7800   12
59.8000   15
59.8200   7
59.8400   13
59.8600   17
59.8800   17
59.9000   11
59.9200   14
59.9400   13
59.9600   8
59.9800   11
60.0000   18
60.0200   19
60.0400   18
60.0600   14
60.0800   15
60.1000   14
60.1200   9
60.1400   13
60.1600   10
60.1800   16
60.2000   10
60.2200   11
60.2400   9
60.2600   13
60.2800   16
60.3000   12
60.3200   10
60.3400   9
60.3600   13
60.3800   7
60.4000   11
60.4200   9
60.4400   11
60.4600   6
60.4800   15
60.5000   15
60.5200   6
60.5400   15
60.5600   7
60.5800   12
60.6000   7
60.6200   13
60.6400   6
60.6600   11
60.6800   13
60.7000   10
60.7200   13
60.7400   16
60.7600   12
60.7800   11
60.8000   13
60.8200   3
60.8400   12
60.8600   15
60.8800   12
60.9000   10
60.9200   7
60.9400   18
60.9600   4
60.9800   10
61.0000   17
61.0200   11
61.0400   19
61.0600   14
61.0800   11
61.1000   11
61.1200   13
61.1400   9
61.1600   4
61.1800   8
61.2000   17
61.2200   9
61.2400   17
61.2600   15
61.2800   14
61.3000   6
61.3200   11
61.3400   15
61.3600   7
61.3800   10
61.4000   15
61.4200   13
61.4400   15
61.4600   14
61.4800   14
61.5000   7
61.5200   9
61.5400   7
61.5600   13
61.5800   14
61.6000   11
61.6200   12
61.6400   8
61.6600   7
61.6800   13
61.7000   8
61.7200   16
61.7400   6
61.7600   9
61.7800   8
61.8000   10
61.8200   8
61.8400   15
61.8600   7
61.8800   19
61.9000   11
61.9200   16
61.9400   8
61.9600   15
61.9800   5
62.0000   9
62.0200   11
62.0400   16
62.0600   8
62.0800   9
62.1000   11
62.1200   10
62.1400   15
62.1600   7
62.1800   14
62.2000   13
62.2200   10
62.2400   17
62.2600   8
62.2800   12
62.3000   15
62.3200   14
62.3400   12
62.3600   14
62.3800   12
62.4000   11
62.4200   10
62.4400   15
62.4600   14
62.4800   12
62.5000   13
62.5200   7
62.5400   14
62.5600   10
62.5800   10
62.6000   13
62.6200   12
62.6400   9
62.6600   10
62.6800   5
62.7000   12
62.7200   23
62.7400   11
62.7600   13
62.7800   11
62.8000   9
62.8200   4
62.8400   10
62.8600   3
62.8800   14
62.9000   18
62.9200   9
62.9400   14
62.9600   10
62.9800   9
63.0000   10
63.0200   8
63.0400   7
63.0600   14
63.0800   9
63.1000   5
63.1200   11
63.1400   12
63.1600   15
63.1800   11
63.2000   16
63.2200   11
63.2400   7
63.2600   7
63.2800   20
63.3000   9
63.3200   8
63.3400   7
63.3600   13
63.3800   9
63.4000   18
63.4200   11
63.4400   17
63.4600   14
63.4800   8
63.5000   12
63.5200   8
63.5400   10
63.5600   13
63.5800   15
63.6000   12
63.6200   8
63.6400   14
63.6600   20
63.6800   12
63.7000   7
63.7200   10
63.7400   8
63.7600   9
63.7800   7
63.8000   7
63.8200   10
63.8400   7
63.8600   12
63.8800   11
63.9000   7
63.9200   12
63.9400   14
63.9600   8
63.9800   13
64.0000   11
64.0200   10
64.0400   13
64.0600   7
64.0800   5
64.1000   10
64.1200   13
64.1400   6
64.1600   12
64.1800   9
64.2000   8
64.2200   11
64.2400   9
64.2600   9
64.2800   11
64.3000   13
64.3200   7
64.3400   8
64.3600   12
64.3800   4
64.4000   14
64.4200   14
64.4400   7
64.4600   8
64.4800   14
64.5000   8
64.5200   16
64.5400   6
64.5600   8
64.5800   10
64.6000   15
64.6200   12
64.6400   13
64.6600   14
64.6800   10
64.7000   12
64.7200   16
64.7400   11
64.7600   10
64.7800   7
64.8000   12
64.8200   19
64.8400   14
64.8600   9
64.8800   12
64.9000   12
64.9200   12
64.9400   17
64.9600   9
64.9800   8
65.0000   10
65.0200   12
65.0400   6
65.0600   15
65.0800   22
65.1000   14
65.1200   17
65.1400   14
65.1600   10
65.1800   7
65.2000   9
65.2200   14
65.2400   14
65.2600   11
65.2800   5
65.3000   11
65.3200   10
65.3400   12
65.3600   10
65.3800   14
65.4000   8
65.4200   9
65.4400   8
65.4600   20
65.4800   16
65.5000   8
65.5200   7
65.5400   9
65.5600   11
65.5800   14
65.6000   9
65.6200   20
65.6400   5
65.6600   7
65.6800   9
65.7000   14
65.7200   10
65.7400   11
65.7600   7
65.7800   12
65.8000   7
65.8200   14
65.8400   9
65.8600   11
65.8800   11
65.9000   17
65.9200   14
65.9400   11
65.9600   12
65.9800   8
66.0000   10
66.0200   18
66.0400   5
66.0600   9
66.0800   15
66.1000   17
66.1200   15
66.1400   9
66.1600   9
66.1800   14
66.2000   11
66.2200   9
66.2400   4
66.2600   13
66.2800   21
66.3000   13
66.3200   13
66.3400   11
66.3600   12
66.3800   12
66.4000   18
66.4200   12
66.4400   12
66.4600   7
66.4800   11
66.5000   21
66.5200   9
66.5400   9
66.5600   10
66.5800   8
66.6000   8
66.6200   2
66.6400   17
66.6600   17
66.6800   13
66.7000   9
66.7200   10
66.7400   13
66.7600   12
66.7800   17
66.8000   9
66.8200   10
66.8400   8
66.8600   5
66.8800   12
66.9000   13
66.9200   11
66.9400   10
66.9600   11
66.9800   9
67.0000   11
67.0200   15
67.0400   10
67.0600   13
67.0800   5
67.1000   13
67.1200   9
67.1400   6
67.1600   12
67.1800   12
67.2000   9
67.2200   11
67.2400   13
67.2600   10
67.2800   9
67.3000   6
67.3200   9
67.3400   9
67.3600   17
67.3800   12
67.4000   8
67.4200   14
67.4400   13
67.4600   6
67.4800   11
67.5000   10
67.5200   11
67.5400   9
67.5600   11
67.5800   13
67.6000   9
67.6200   6
67.6400   12
67.6600   7
67.6800   8
67.7000   8
67.7200   8
67.7400   15
67.7600   17
67.7800   11
67.8000   12
67.8200   8
67.8400   8
67.8600   10
67.8800   9
67.9000   11
67.9200   7
67.9400   5
67.9600   13
67.9800   20
68.0000   13
68.0200   12
68.0400   10
68.0600   6
68.0800   10
68.1000   8
68.1200   10
68.1400   11
68.1600   12
68.1800   20
68.2000   14
68.2200   15
68.2400   15
68.2600   9
68.2800   10
68.3000   12
68.3200   12
68.3400   7
68.3600   11
68.3800   11
68.4000   14
68.4200   9
68.4400   10
68.4600   10
68.4800   9
68.5000   6
68.5200   17
68.5400   13
68.5600   14
68.5800   12
68.6000   12
68.6200   6
68.6400   8
68.6600   9
68.6800   8
68.7000   11
68.7200   10
68.7400   13
68.7600   9
68.7800   13
68.8000   6
68.8200   9
68.8400   10
68.8600   11
68.8800   14
68.9000   15
68.9200   13
68.9400   6
68.9600   10
68.9800   11
69.0000   5
69.0200   14
69.0400   13
69.0600   12
69.0800   14
69.1000   8
69.1200   6
69.1400   10
69.1600   12
69.1800   10
69.2000   11
69.2200   10
69.2400   13
69.2600   10
69.2800   6
69.3000   15
69.3200   13
69.3400   15
69.3600   14
69.3800   13
69.4000   15
69.4200   14
69.4400   6
69.4600   8
69.4800   11
69.5000   14
69.5200   8
69.5400   14
69.5600   10
69.5800   8
69.6000   13
69.6200   14
69.6400   3
69.6600   7
69.6800   10
69.7000   6
69.7200   10
69.7400   21
69.7600   19
69.7800   15
69.8000   11
69.8200   11
69.8400   12
69.8600   13
69.8800   9
69.9000   10
69.9200   16
69.9400   9
69.9600   6
69.9800   5
70.0000   10
70.0200   13
70.0400   7
70.0600   5
70.0800   11
70.1000   10
70.1200   6
70.1400   10
70.1600   11
70.1800   13
70.2000   16
70.2200   6
70.2400   16
70.2600   14
70.2800   11
70.3000   15
70.3200   10
70.3400   15
70.3600   11
70.3800   11
70.4000   14
70.4200   7
70.4400   9
70.4600   9
70.4800   7
70.5000   10
70.5200   18
70.5400   6
70.5600   12
70.5800   7
70.6000   9
70.6200   6
70.6400   11
70.6600   14
70.6800   10
70.7000   15
70.7200   9
70.7400   13
70.7600   13
70.7800   21
70.8000   13
70.8200   6
70.8400   10
70.8600   7
70.8800   19
70.9000   5
70.9200   12
70.9400   13
70.9600   7
70.9800   8
71.0000   17
71.0200   16
71.0400   14
71.0600   9
71.0800   12
71.1000   10
71.1200   9
71.1400   8
71.1600   13
71.1800   5
71.2000   15
71.2200   6
71.2400   16
71.2600   10
71.2800   5
71.3000   12
71.3200   4
71.3400   8
71.3600   12
71.3800   11
71.4000   13
71.4200   10
71.4400   14
71.4600   9
71.4800   6
71.5000   9
71.5200   15
71.5400   7
71.5600   18
71.5800   11
71.6000   11
71.6200   18
71.6400   14
71.6600   14
71.6800   13
71.7000   20
71.7200   8
71.7400   11
71.7600   14
71.7800   12
71.8000   12
71.8200   12
71.8400   12
71.8600   11
71.8800   12
71.9000   15
71.9200   9
71.9400   12
71.9600   7
71.9800   16
72.0000   9
72.0200   9
72.0400   15
72.0600   9
72.0800   10
72.1000   12
72.1200   12
72.1400   6
72.1600   11
72.1800   12
72.2000   8
72.2200   5
72.2400   12
72.2600   11
72.2800   5
72.3000   7
72.3200   9
72.3400   11
72.3600   14
72.3800   15
72.4000   11
72.4200   12
72.4400   11
72.4600   7
72.4800   13
72.5000   9
72.5200   9
72.5400   12
72.5600   12
72.5800   9
72.6000   12
72.6200   10
72.6400   7
72.6600   13
72.6800   10
72.7000   14
72.7200   17
72.7400   16
72.7600   8
72.7800   9
72.8000   16
72.8200   15
72.8400   11
72.8600   14
72.8800   6
72.9000   12
72.9200   12
72.9400   13
72.9600   11
72.9800   11
73.0000   8
73.0200   12
73.0400   11
73.0600   11
73.0800   18
73.1000   16
73.1200   13
73.1400   14
73.1600   11
73.1800   9
73.2000   10
73.2200   12
73.2400   12
73.2600   11
73.2800   16
73.3000   13
73.3200   10
73.3400   17
73.3600   10
73.3800   8
73.4000   6
73.4200   15
73.4400   14
73.4600   11
73.4800   11
73.5000   10
73.5200   12
73.5400   14
73.5600   6
73.5800   11
73.6000   17
73.6200   16
73.6400   13
73.6600   7
73.6800   15
73.7000   12
73.7200   14
73.7400   16
73.7600   10
73.7800   11
73.8000   13
73.8200   12
73.8400   16
73.8600   15
73.8800   20
73.9000   6
73.9200   15
73.9400   17
73.9600   16
73.9800   16
74.0000   13
74.0200   13
74.0400   6
74.0600   14
74.0800   14
74.1000   18
74.1200   10
74.1400   21
74.1600   15
74.1800   9
74.2000   15
74.2200   14
74.2400   20
74.2600   13
74.2800   9
74.3000   18
74.3200   17
74.3400   17
74.3600   17
74.3800   14
74.4000   17
74.4200   12
74.4400   19
74.4600   14
74.4800   22
74.5000   16
74.5200   18
74.5400   15
74.5600   22
74.5800   22
74.6000   27
74.6200   16
74.6400   31
74.6600   29
74.6800   22
74.7000   20
74.7200   29
74.7400   37
74.7600   25
74.7800   28
74.8000   37
74.8200   39
74.8400   50
74.8600   40
74.8800   47
74.9000   54
74.9200   72
74.9400   88
74.9600   105
74.9800   116
75.0000   150
75.0200   166
75.0400   216
75.0600   233
75.0800   341
75.1000   333
75.1200   360
75.1400   405
75.1600   487
75.1800   562
75.2000   612
75.2200   726
75.2400   750
75.2600   873
75.2800   913
75.3000   840
75.3200   762
75.3400   692
75.3600   519
75.3800   466
75.4000   420
75.4200   382
75.4400   415
75.4600   405
75.4800   429
75.5000   435
75.5200   377
75.5400   352
75.5600   260
75.5800   210
75.6000   149
75.6200   109
75.6400   79
75.6600   80
75.6800   47
75.7000   55
75.7200   42
75.7400   27
75.7600   31
75.7800   34
75.8000   31
75.8200   26
75.8400   37
75.8600   29
75.8800   24
75.9000   17
75.9200   21
75.9400   26
75.9600   16
75.9800   24
76.0000   14
76.0200   17
76.0400   17
76.0600   17
76.0800   18
76.1000   12
76.1200   22
76.1400   16
76.1600   16
76.1800   18
76.2000   12
76.2200   20
76.2400   16
76.2600   18
76.2800   18
76.3000   20
76.3200   14
76.3400   20
76.3600   23
76.3800   17
76.4000   21
76.4200   15
76.4400   15
76.4600   18
76.4800   16
76.5000   15
76.5200   14
76.5400   17
76.5600   12
76.5800   19
76.6000   8
76.6200   15
76.6400   13
76.6600   15
76.6800   18
76.7000   16
76.7200   15
76.7400   9
76.7600   13
76.7800   20
76.8000   11
76.8200   22
76.8400   13
76.8600   14
76.8800   14
76.9000   15
76.9200   10
76.9400   14
76.9600   15
76.9800   11
77.0000   18
77.0200   9
77.0400   13
77.0600   10
77.0800   8
77.1000   11
77.1200   13
77.1400   12
77.1600   10
77.1800   9
77.2000   13
77.2200   16
77.2400   11
77.2600   12
77.2800   13
77.3000   12
77.3200   14
77.3400   9
77.3600   12
77.3800   20
77.4000   11
77.4200   10
77.4400   10
77.4600   13
77.4800   15
77.5000   18
77.5200   16
77.5400   15
77.5600   12
77.5800   20
77.6000   14
77.6200   8
77.6400   5
77.6600   11
77.6800   8
77.7000   13
77.7200   14
77.7400   6
77.7600   15
77.7800   10
77.8000   15
77.8200   14
77.8400   17
77.8600   11
77.8800   9
77.9000   5
77.9200   15
77.9400   13
77.9600   5
77.9800   13
78.0000   10
78.0200   10
78.0400   8
78.0600   9
78.0800   10
78.1000   12
78.1200   15
78.1400   13
78.1600   14
78.1800   8
78.2000   8
78.2200   10
78.2400   9
78.2600   8
78.2800   15
78.3000   12
78.3200   15
78.3400   10
78.3600   8
78.3800   14
78.4000   23
78.4200   14
78.4400   12
78.4600   8
78.4800   6
78.5000   10
78.5200   11
78.5400   14
78.5600   14
78.5800   6
78.6000   7
78.6200   11
78.6400   9
78.6600   12
78.6800   8
78.7000   12
78.7200   7
78.7400   10
78.7600   11
78.7800   8
78.8000   10
78.8200   15
78.8400   4
78.8600   13
78.8800   8
78.9000   8
78.9200   14
78.9400   13
78.9600   6
78.9800   12
79.0000   16
79.0200   7
79.0400   9
79.0600   8
79.0800   13
79.1000   7
79.1200   14
79.1400   10
79.1600   11
79.1800   6
79.2000   9
79.2200   17
79.2400   13
79.2600   12
79.2800   6
79.3000   11
79.3200   12
79.3400   2
79.3600   9
79.3800   7
79.4000   11
79.4200   16
79.4400   9
79.4600   13
79.4800   10
79.5000   10
79.5200   14
79.5400   9
79.5600   11
79.5800   9
79.6000   13
79.6200   12
79.6400   11
79.6600   10
79.6800   20
79.7000   10
79.7200   11
79.7400   8
79.7600   13
79.7800   4
79.8000   16
79.8200   9
79.8400   7
79.8600   7
79.8800   12
79.9000   5
79.9200   14
79.9400   15
79.9600   11
79.9800   10
80.0000   12
80.0200   7
80.0400   5
80.0600   10
80.0800   13
80.1000   13
80.1200   10
80.1400   13
80.1600   6
80.1800   4
80.2000   14
80.2200   12
80.2400   7
80.2600   16
80.2800   6
80.3000   4
80.3200   6
80.3400   13
80.3600   9
80.3800   12
80.4000   9
80.4200   9
80.4400   6
80.4600   8
80.4800   11
80.5000   8
80.5200   5
80.5400   11
80.5600   18
80.5800   11
80.6000   6
80.6200   9
80.6400   7
80.6600   12
80.6800   7
80.7000   10
80.7200   11
80.7400   10
80.7600   11
80.7800   10
80.8000   14
80.8200   8
80.8400   11
80.8600   12
80.8800   6
80.9000   13
80.9200   11
80.9400   7
80.9600   16
80.9800   16
81.0000   9
81.0200   8
81.0400   6
81.0600   9
81.0800   13
81.1000   5
81.1200   10
81.1400   9
81.1600   6
81.1800   14
81.2000   10
81.2200   9
81.2400   13
81.2600   6
81.2800   17
81.3000   10
81.3200   12
81.3400   14
81.3600   11
81.3800   7
81.4000   7
81.4200   13
81.4400   5
81.4600   7
81.4800   10
81.5000   7
81.5200   5
81.5400   21
81.5600   4
81.5800   9
81.6000   11
81.6200   4
81.6400   7
81.6600   8
81.6800   11
81.7000   9
81.7200   13
81.7400   8
81.7600   12
81.7800   8
81.8000   8
81.8200   18
81.8400   4
81.8600   10
81.8800   11
81.9000   5
81.9200   10
81.9400   12
81.9600   10
81.9800   7
82.0000   16
82.0200   9
82.0400   7
82.0600   6
82.0800   4
82.1000   6
82.1200   14
82.1400   10
82.1600   10
82.1800   9
82.2000   8
82.2200   10
82.2400   11
82.2600   5
82.2800   13
82.3000   7
82.3200   3
82.3400   10
82.3600   8
82.3800   12
82.4000   5
82.4200   8
82.4400   14
82.4600   10
82.4800   5
82.5000   11
82.5200   9
82.5400   14
82.5600   7
82.5800   8
82.6000   10
82.6200   5
82.6400   9
82.6600   7
82.6800   11
82.7000   14
82.7200   14
82.7400   9
82.7600   7
82.7800   9
82.8000   9
82.8200   6
82.8400   15
82.8600   13
82.8800   11
82.9000   6
82.9200   12
82.9400   13
82.9600   13
82.9800   3
83.0000   6
83.0200   7
83.0400   14
83.0600   19
83.0800   10
83.1000   5
83.1200   10
83.1400   10
83.1600   15
83.1800   10
83.2000   8
83.2200   5
83.2400   5
83.2600   5
83.2800   7
83.3000   8
83.3200   7
83.3400   5
83.3600   11
83.3800   4
83.4000   9
83.4200   8
83.4400   11
83.4600   11
83.4800   7
83.5000   4
83.5200   9
83.5400   14
83.5600   10
83.5800   11
83.6000   12
83.6200   6
83.6400   9
83.6600   9
83.6800   18
83.7000   8
83.7200   6
83.7400   12
83.7600   14
83.7800   8
83.8000   6
83.8200   6
83.8400   13
83.8600   15
83.8800   9
83.9000   10
83.9200   7
83.9400   9
83.9600   7
83.9800   8
84.0000   15
84.0200   8
84.0400   15
84.0600   9
84.0800   10
84.1000   14
84.1200   9
84.1400   6
84.1600   14
84.1800   10
84.2000   12
84.2200   8
84.2400   5
84.2600   11
84.2800   11
84.3000   12
84.3200   9
84.3400   6
84.3600   9
84.3800   6
84.4000   11
84.4200   6
84.4400   7
84.4600   11
84.4800   7
84.5000   11
84.5200   9
84.5400   9
84.5600   8
84.5800   9
84.6000   9
84.6200   10
84.6400   12
84.6600   6
84.6800   11
84.7000   14
84.7200   6
84.7400   12
84.7600   8
84.7800   13
84.8000   8
84.8200   11
84.8400   9
84.8600   6
84.8800   4
84.9000   8
84.9200   8
84.9400   9
84.9600   8
84.9800   10
85.0000   5
85.0200   8
85.0400   8
85.0600   10
85.0800   12
85.1000   9
85.1200   10
85.1400   8
85.1600   5
85.1800   13
85.2000   9
85.2200   11
85.2400   8
85.2600   8
85.2800   12
85.3000   7
85.3200   10
85.3400   8
85.3600   15
85.3800   6
85.4000   8
85.4200   10
85.4400   12
85.4600   7
85.4800   8
85.5000   16
85.5200   8
85.5400   6
85.5600   8
85.5800   8
85.6000   8
85.6200   7
85.6400   10
85.6600   11
85.6800   8
85.7000   6
85.7200   6
85.7400   7
85.7600   10
85.7800   6
85.8000   18
85.8200   12
85.8400   8
85.8600   12
85.8800   8
85.9000   9
85.9200   12
85.9400   12
85.9600   7
85.9800   10
86.0000   11
86.0200   7
86.0400   5
86.0600   6
86.0800   9
86.1000   7
86.1200   14
86.1400   9
86.1600   6
86.1800   11
86.2000   8
86.2200   8
86.2400   5
86.2600   4
86.2800   13
86.3000   7
86.3200   8
86.3400   16
86.3600   7
86.3800   9
86.4000   13
86.4200   11
86.4400   7
86.4600   8
86.4800   14
86.5000   7
86.5200   5
86.5400   5
86.5600   9
86.5800   7
86.6000   7
86.6200   5
86.6400   13
86.6600   6
86.6800   11
86.7000   8
86.7200   15
86.7400   6
86.7600   10
86.7800   10
86.8000   13
86.8200   7
86.8400   9
86.8600   8
86.8800   12
86.9000   9
86.9200   14
86.9400   8
86.9600   11
86.9800   5
87.0000   10
87.0200   4
87.0400   8
87.0600   13
87.0800   9
87.1000   8
87.1200   9
87.1400   8
87.1600   9
87.1800   7
87.2000   2
87.2200   8
87.2400   11
87.2600   9
87.2800   3
87.3000   9
87.3200   6
87.3400   5
87.3600   12
87.3800   9
87.4000   7
87.4200   7
87.4400   6
87.4600   13
87.4800   9
87.5000   9
87.5200   8
87.5400   9
87.5600   6
87.5800   7
87.6000   7
87.6200   13
87.6400   6
87.6600   11
87.6800   8
87.7000   10
87.7200   8
87.7400   7
87.7600   10
87.7800   5
87.8000   13
87.8200   7
87.8400   12
87.8600   15
87.8800   10
87.9000   9
87.9200   12
87.9400   12
87.9600   5
87.9800   9
88.0000   7
88.0200   7
88.0400   14
88.0600   11
88.0800   9
88.1000   9
88.1200   10
88.1400   7
88.1600   11
88.1800   10
88.2000   11
88.2200   5
88.2400   13
88.2600   4
88.2800   8
88.3000   9
88.3200   4
88.3400   8
88.3600   5
88.3800   12
88.4000   13
88.4200   14
88.4400   9
88.4600   10
88.4800   9
88.5000   12
88.5200   9
88.5400   10
88.5600   15
88.5800   9
88.6000   8
88.6200   9
88.6400   10
88.6600   10
88.6800   11
88.7000   7
88.7200   3
88.7400   8
88.7600   11
88.7800   6
88.8000   11
88.8200   10
88.8400   8
88.8600   5
88.8800   12
88.9000   6
88.9200   9
88.9400   8
88.9600   8
88.9800   7
89.0000   12
89.0200   11
89.0400   8
89.0600   10
89.0800   9
89.1000   8
89.1200   5
89.1400   5
89.1600   12
89.1800   9
89.2000   9
89.2200   11
89.2400   5
89.2600   6
89.2800   5
89.3000   10
89.3200   9
89.3400   7
89.3600   10
89.3800   6
89.4000   7
89.4200   8
89.4400   15
89.4600   11
89.4800   5
89.5000   6
89.5200   9
89.5400   6
89.5600   6
89.5800   6
89.6000   8
89.6200   6
89.6400   7
89.6600   11
89.6800   13
89.7000   8
89.7200   15
89.7400   5
89.7600   8
89.7800   12
89.8000   7
89.8200   5
89.8400   10
89.8600   7
89.8800   12
89.9000   10
89.9200   7
89.9400   11
89.9600   10
89.9800   9
90.0000   6
90.0200   11
90.0400   10
90.0600   16
90.0800   8
90.1000   9
90.1200   7
90.1400   9
90.1600   12
90.1800   13
90.2000   6
90.2200   17
90.2400   4
90.2600   12
90.2800   9
90.3000   5
90.3200   9
90.3400   12
90.3600   12
90.3800   12
90.4000   4
90.4200   14
90.4400   3
90.4600   10
90.4800   13
90.5000   9
90.5200   9
90.5400   8
90.5600   10
90.5800   12
90.6000   15
90.6200   7
90.6400   14
90.6600   8
90.6800   13
90.7000   12
90.7200   20
90.7400   5
90.7600   12
90.7800   11
90.8000   16
90.8200   11
90.8400   18
90.8600   18
90.8800   25
90.9000   24
90.9200   17
90.9400   20
90.9600   20
90.9800   23
91.0000   27
91.0200   30
91.0400   33
91.0600   23
91.0800   32
91.1000   34
91.1200   43
91.1400   37
91.1600   52
91.1800   58
91.2000   72
91.2200   90
91.2400   92
91.2600   118
91.2800   155
91.3000   191
91.3200   196
91.3400   226
91.3600   249
91.3800   285
91.4000   299
91.4200   379
91.4400   405
91.4600   399
91.4800   416
91.5000   404
91.5200   334
91.5400   309
91.5600   244
91.5800   190
91.6000   186
91.6200   156
91.6400   188
91.6600   191
91.6800   174
91.7000   172
91.7200   209
91.7400   198
91.7600   222
91.7800   204
91.8000   179
91.8200   174
91.8400   115
91.8600   112
91.8800   57
91.9000   60
91.9200   45
91.9400   34
91.9600   27
91.9800   25
92.0000   33
92.0200   26
92.0400   29
92.0600   15
92.0800   24
92.1000   19
92.1200   25
92.1400   19
92.1600   14
92.1800   12
92.2000   12
92.2200   21
92.2400   22
92.2600   14
92.2800   16
92.3000   16
92.3200   10
92.3400   11
92.3600   18
92.3800   14
92.4000   18
92.4200   14
92.4400   9
92.4600   16
92.4800   11
92.5000   18
92.5200   10
92.5400   10
92.5600   9
92.5800   14
92.6000   18
92.6200   6
92.6400   11
92.6600   8
92.6800   16
92.7000   15
92.7200   10
92.7400   10
92.7600   11
92.7800   10
92.8000   9
92.8200   9
92.8400   6
92.8600   11
92.8800   13
92.9000   5
92.9200   6
92.9400   7
92.9600   6
92.9800   13
93.0000   11
93.0200   14
93.0400   8
93.0600   13
93.0800   11
93.1000   12
93.1200   11
93.1400   12
93.1600   8
93.1800   16
93.2000   11
93.2200   10
93.2400   10
93.2600   10
93.2800   9
93.3000   10
93.3200   6
93.3400   5
93.3600   6
93.3800   12
93.4000   12
93.4200   11
93.4400   10
93.4600   10
93.4800   9
93.5000   12
93.5200   13
93.5400   7
93.5600   11
93.5800   7
93.6000   8
93.6200   9
93.6400   9
93.6600   6
93.6800   12
93.7000   13
93.7200   11
93.7400   17
93.7600   10
93.7800   7
93.8000   8
93.8200   6
93.8400   12
93.8600   13
93.8800   5
93.9000   12
93.9200   7
93.9400   7
93.9600   10
93.9800   8
94.0000   8
94.0200   10
94.0400   7
94.0600   12
94.0800   12
94.1000   13
94.1200   8
94.1400   6
94.1600   9
94.1800   12
94.2000   11
94.2200   8
94.2400   9
94.2600   13
94.2800   7
94.3000   8
94.3200   8
94.3400   9
94.3600   9
94.3800   6
94.4000   6
94.4200   7
94.4400   8
94.4600   7
94.4800   9
94.5000   4
94.5200   5
94.5400   7
94.5600   4
94.5800   5
94.6000   7
94.6200   5
94.6400   5
94.6600   5
94.6800   11
94.7000   20
94.7200   6
94.7400   3
94.7600   11
94.7800   13
94.8000   13
94.8200   8
94.8400   12
94.8600   11
94.8800   3
94.9000   7
94.9200   7
94.9400   8
94.9600   9
94.9800   6
95.0000   13
95.0200   13
95.0400   9
95.0600   5
95.0800   8
95.1000   9
95.1200   7
95.1400   5
95.1600   9
95.1800   6
95.2000   10
95.2200   10
95.2400   7
95.2600   8
95.2800   12
95.3000   10
95.3200   10
95.3400   5
95.3600   10
95.3800   10
95.4000   8
95.4200   5
95.4400   7
95.4600   6
95.4800   5
95.5000   9
95.5200   3
95.5400   8
95.5600   7
95.5800   5
95.6000   12
95.6200   8
95.6400   10
95.6600   9
95.6800   8
95.7000   7
95.7200   12
95.7400   6
95.7600   6
95.7800   9
95.8000   4
95.8200   9
95.8400   9
95.8600   13
95.8800   6
95.9000   10
95.9200   5
95.9400   6
95.9600   6
95.9800   4
96.0000   10
96.0200   15
96.0400   5
96.0600   9
96.0800   7
96.1000   7
96.1200   12
96.1400   7
96.1600   8
96.1800   7
96.2000   10
96.2200   5
96.2400   9
96.2600   12
96.2800   7
96.3000   7
96.3200   10
96.3400   6
96.3600   3
96.3800   11
96.4000   4
96.4200   5
96.4400   11
96.4600   8
96.4800   8
96.5000   6
96.5200   7
96.5400   5
96.5600   10
96.5800   3
96.6000   9
96.6200   8
96.6400   7
96.6600   6
96.6800   8
96.7000   11
96.7200   3
96.7400   14
96.7600   6
96.7800   7
96.8000   9
96.8200   12
96.8400   13
96.8600   10
96.8800   14
96.9000   8
96.9200   7
96.9400   14
96.9600   8
96.9800   7
97.0000   7
97.0200   13
97.0400   7
97.0600   11
97.0800   6
97.1000   6
97.1200   8
97.1400   20
97.1600   10
97.1800   8
97.2000   16
97.2200   5
97.2400   7
97.2600   7
97.2800   5
97.3000   6
97.3200   11
97.3400   9
97.3600   12
97.3800   15
97.4000   8
97.4200   7
97.4400   12
97.4600   10
97.4800   7
97.5000   9
97.5200   7
97.5400   13
97.5600   10
97.5800   7
97.6000   5
97.6200   9
97.6400   10
97.6600   4
97.6800   14
97.7000   9
97.7200   8
97.7400   5
97.7600   11
97.7800   8
97.8000   6
97.8200   14
97.8400   7
97.8600   5
97.8800   9
97.9000   11
97.9200   9
97.9400   6
97.9600   7
97.9800   14
98.0000   13
98.0200   10
98.0400   9
98.0600   5
98.0800   11
98.1000   7
98.1200   3
98.1400   8
98.1600   8
98.1800   3
98.2000   6
98.2200   11
98.2400   5
98.2600   8
98.2800   9
98.3000   8
98.3200   6
98.3400   6
98.3600   12
98.3800   13
98.4000   6
98.4200   5
98.4400   12
98.4600   7
98.4800   6
98.5000   7
98.5200   15
98.5400   6
98.5600   10
98.5800   8
98.6000   10
98.6200   11
98.6400   8
98.6600   5
98.6800   10
98.7000   7
98.7200   6
98.7400   11
98.7600   9
98.7800   6
98.8000   15
98.8200   7
98.8400   4
98.8600   7
98.8800   11
98.9000   5
98.9200   9
98.9400   6
98.9600   5
98.9800   12
99.0000   8
99.0200   5
99.0400   11
99.0600   7
99.0800   9
99.1000   6
99.1200   4
99.1400   13
99.1600   14
99.1800   9
99.2000   9
99.2200   7
99.2400   9
99.2600   8
99.2800   11
99.3000   9
99.3200   7
99.3400   13
99.3600   9
99.3800   8
99.4000   5
99.4200   9
99.4400   9
99.4600   5
99.4800   9
99.5000   6
99.5200   5
99.5400   4
99.5600   7
99.5800   10
99.6000   10
99.6200   14
99.6400   9
99.6600   6
99.6800   3
99.7000   6
99.7200   1
99.7400   9
99.7600   10
99.7800   9
99.8000   3
99.8200   11
99.8400   7
99.8600   8
99.8800   8
99.9000   9
99.9200   9
99.9400   9
99.9600   10
99.9800   8
100.0000   5
